meal name,page link
"

          Nutty, fruity, festive muffin tarts        
",/recipes/1599/nutty-fruity-festive-muffin-tarts
"

          Raspberry millefeuilles        
",/recipes/raspberry-millefeuilles
"

          Asparagus & cheese tart        
",/recipes/507637/asparagus-and-cheese-tart
"

          Curried sweetcorn soup with chicken        
",/recipes/curried-sweetcorn-soup-chicken
"

          Sweet chilli chicken        
",/recipes/1643/sweet-chilli-chicken
"

          Garlicky prawns with sherry        
",/recipes/5322/garlicky-prawns-with-sherry
"

          Alice in Wonderland raspberry vodka        
",/recipes/drink-me-raspberry-vanilla-vodka
"

          Cauliflower & carrot salad        
",/recipes/8201/cauliflower-and-carrot-salad
"

          Blackberry slump        
",/recipes/3155/blackberry-slump
"

          Blackberry compote        
",/recipes/1572670/blackberry-compote
"

          Cardamom whirls        
",/recipes/147609/cardamom-whirls
"

          Coconut tart        
",/recipes/5113/coconut-tart
"

          Marvellous mangoes        
",/recipes/2754/marvellous-mangoes
"

          Spicy cheese & tomato bake        
",/recipes/3147684/spicy-cheese-and-tomato-bake
"

          Turkey & courgette koftas        
",/recipes/turkey-courgette-koftas
"

          Warm runner bean salad        
",/recipes/749715/warm-runner-bean-salad
"

          Crispy neeps 'n' tatties cake        
",/recipes/13351/crispy-neeps-n-tatties-cake
"

          Pizza picnic bread        
",/recipes/1363646/pizza-picnic-bread
"

          Easy gooseberry cobbler         
",/recipes/588650/easy-gooseberry-cobbler-
"

          Potato & pesto pizza        
",/recipes/potato-pesto-pizza
"

          Potatoes on skewers        
",/recipes/2720/potatoes-on-skewers
"

          Citrus & marzipan Bakewell tart        
",/recipes/citrus-marzipan-bakewell-tart
"

          Potato pancakes        
",/recipes/1135640/potato-pancakes
"

          Mexican-style chilli ribs        
",/recipe/mexican-style-chilli-ribs
"

          Gingerbread bites        
",/recipes/gingerbread-bites
"

          Leek, mushroom & goat's cheese strudels        
",/recipes/877646/leek-mushroom-and-goats-cheese-strudels
"

          Horseradish & soured cream baked potatoes        
",/recipes/1316/horseradish-and-soured-cream-baked-potatoes
"

          Lemony stoved potatoes        
",/recipes/2063671/lemony-stoved-potatoes
"

          Spicy squid pakoras with coconut yogurt dip        
",/recipes/spicy-squid-pakoras-coconut-yogurt-dip-0
"

          Zesty orange marzipan        
",/recipes/4827/zesty-orange-marzipan
"

          John's chilli con carne        
",/recipes/johns-chilli-con-carne
"

          Spiced squash pasta with lime pickle        
",/recipes/749659/spiced-squash-pasta-with-lime-pickle
"

          Warm greens & shallots with allspice dressing        
",/recipes/warm-greens-shallots-allspice-dressing
"

          Grilled chicken with chilli & sesame seeds        
",/recipe/grilled-chicken-chilli-sesame-seeds
"

          Carrot & raisin sandwiches        
",/recipes/1974647/carrot-and-raisin-sandwiches
"

          Zabaglione trifle slice        
",/recipes/1190/zabaglione-trifle-slice
"

          Clam, chorizo & white bean stew        
",/recipes/1415676/clam-chorizo-and-white-bean-stew
"

          Mini toad-in-the-holes        
",/recipes/mini-toad-holes
"

          Pumpkin risotto        
",/recipes/2556635/pumpkin-risotto
"

          Chorizo, potato & cheese omelette        
",/recipes/2040646/chorizo-potato-and-cheese-omelette
"

          Frosted white chocolate Easter cake        
",/recipes/10209/frosted-white-chocolate-easter-cake
"

          Spiced & sweet lassis        
",/recipes/1697/spiced-and-sweet-lassis
"

          Festive red cabbage        
",/recipes/festive-red-cabbage
"

          Secret green sauce spaghetti        
",/recipe/secret-green-sauce-spaghetti
"

          Grilled salmon & mango salad with coconut dressing        
",/recipe/grilled-salmon-mango-salad-coconut-dressing
"

          Chicken & chorizo rice pot        
",/recipes/2138647/chicken-and-chorizo-rice-pot
"

          Pancake bites        
",/recipes/1718/pancake-bites
"

          Ultimate meringue        
",/recipes/2445/ultimate-meringue
"

          Five-spice mix        
",/recipes/3161676/fivespice-mix
"

          Orange & blueberry Bircher        
",/recipes/orange-blueberry-bircher
"

          One-pot Moroccan chicken        
",/recipes/2040656/onepot-moroccan-chicken
"

          Easter chocolate truffle cake        
",/recipes/easter-chocolate-truffle-cake
"

          Thai chicken cakes with sweet chilli sauce        
",/recipes/1883/thai-chicken-cakes-with-sweet-chilli-sauce
"

          Chicken in a wrap        
",/recipes/3111/chicken-in-a-wrap
"

          Asian-style chicken noodle soup        
",/recipes/2276/asianstyle-chicken-noodle-soup
"

          White chocolate spotty cake        
",/recipes/847649/white-chocolate-spotty-cake
"

          Smoked mackerel & potato bake        
",/recipes/313617/smoked-mackerel-and-potato-bake
"

          Blue cheese, butternut & barley salad with maple walnuts        
",/recipes/blue-cheese-butternut-barley-salad-maple-walnuts
"

          Griddled peaches with prosciutto & blue cheese        
",/recipes/2391/griddled-peaches-with-prosciutto-and-blue-cheese
"

          Spiced carrot, chickpea & almond pilaf        
",/recipes/1959653/spiced-carrot-chickpea-and-almond-pilaf
"

          Summer pistou        
",/recipes/summer-pistou
"

          Mexican veggie hash        
",/recipes/3076674/mexican-veggie-hash
"

          Rhubarb & strawberry meringue pots        
",/recipes/3257/rhubarb-and-strawberry-meringue-pots
"

          Piernik (Polish gingerbread)        
",/recipes/piernik-polish-gingerbread
"

          Warm new potatoes with cured ham & chives        
",/recipes/1162652/warm-new-potatoes-with-cured-ham-and-chives
"

          Chorizo & soft-boiled egg salad        
",/recipes/1508648/chorizo-and-softboiled-egg-salad
"

          Ray with buttery parsley & capers        
",/recipes/9078/ray-with-buttery-parsley-and-capers
"

          Thai rice noodle salad        
",/recipes/1541/thai-rice-noodle-salad
"

          Sam's toad in the hole        
",/recipes/1572643/sams-toad-in-the-hole
"

          Polenta & goat's cheese stacks        
",/recipes/147605/polenta-and-goats-cheese-stacks
"

          Eerie eyeball pops        
",/recipes/2556637/eerie-eyeball-pops
"

          Spicy Moroccan rice         
",/recipes/1920/spicy-moroccan-rice-
"

          Roast beef & carrots with easy gravy        
",/recipes/1580653/roast-beef-and-carrots-with-easy-gravy
"

          Cherry & almond cake        
",/recipes/4350/cherry-and-almond-cake
"

          Summer pudding        
",/recipes/4516/summer-pudding
"

          Quick spicy radish pickle        
",/recipes/quick-spicy-radish-pickle
"

          Lemon & herb lamb lollipops        
",/recipe/lemon-herb-lamb-lollipops
"

          Cheesy turkey Milanese        
",/recipes/cassies-cheesy-turkey-milanese
"

          Blackberry coulis        
",/recipes/3118/blackberry-coulis
"

          Beef fillet with horseradish & prosciutto        
",/recipes/beef-fillet-horseradish-prosciutto
"

          Sprouts with pork & peanuts        
",/recipes/sprouts-pork-peanuts
"

          Roasted sesame sweet potatoes & asparagus        
",/recipes/roasted-sesame-sweet-potatoes-asparagus
"

          Lemon & chive mayonnaise        
",/recipes/408632/lemon-and-chive-mayonnaise
"

          Roast rack of lamb with rosemary        
",/recipes/1239/roast-rack-of-lamb-with-rosemary
"

          Veg & cheesy rice bake        
",/recipes/2534664/veg-and-cheesy-rice-bake
"

          Bulghar wheat & rocket tabbouleh        
",/recipes/bulghar-wheat-rocket-tabbouleh
"

          Cod & spinach yellow curry        
",/recipes/cod-spinach-yellow-curry
"

          Lamb shank, pea & mint pie        
",/recipes/3074674/lamb-shank-pea-and-mint-pie
"

          Egg & avocado open sandwich        
",/recipes/egg-avocado-open-sandwich
"

          Cajun chicken & chunky bean salsa        
",/recipes/12757/cajun-chicken-and-chunky-bean-salsa
"

          Pisco sour        
",/recipes/pisco-sour
"

          Smoked trout & cucumber sesame noodles        
",/recipes/5875/smoked-trout-and-cucumber-sesame-noodles
"

          Quiche Lorraine frittata        
",/recipes/679639/quiche-lorraine-frittata
"

          Peppermint candy canes        
",/recipes/1840637/peppermint-candy-canes
"

          Roast chicken & pea risotto        
",/recipes/1656641/roast-chicken-and-pea-risotto
"

          The ultimate makeover: Carrot cake        
",/recipes/7900/the-ultimate-makeover-carrot-cake
"

          Roast chicken soup        
",/recipes/9831/roast-chicken-soup
"

          Duck, watermelon & herb salad with roast cashews        
",/recipes/11246/duck-watermelon-and-herb-salad-with-roast-cashews
"

          Cheesy cheddar & spaghetti puff        
",/recipes/2115/cheesy-cheddar-and-spaghetti-puff
"

          Rustic chicken & apricot pie        
",/recipes/2358662/rustic-chicken-and-apricot-pie
"

          Gingerbread wreath        
",/recipes/gingerbread-wreath
"

          Butter-fried asparagus with black olive & lemon mayonnaise        
",/recipes/butter-fried-asparagus-black-olive-lemon-mayonnaise
"

          Make-ahead mince pies        
",/recipes/13378/makeahead-mince-pies
"

          Marinated bavette steak        
",/recipes/1853676/marinated-bavette-steak
"

          Lunchbox snacks        
",/recipes/12418/lunchbox-snacks
"

          Spring chicken paella        
",/recipes/spring-chicken-paella
"

          No-fuss shepherd's pie        
",/recipes/9644/nofuss-shepherds-pie
"

          Natalie's Trinidadian fish stew        
",/recipes/2022/natalies-trinidadian-fish-stew
"

          Beetroot slaw        
",/recipes/1959/beetroot-slaw
"

          Oeufs en meurette        
",/recipes/3020/oeufs-en-meurette
"

          Microwave biriyani        
",/recipes/microwave-biriyani
"

          Cranberry pecan baked apples        
",/recipes/1410/cranberry-pecan-baked-apples
"

          Greek lamb salad        
",/recipes/greek-lamb-salad
"

          Swiss chard & kohlrabi with lemon sauce        
",/recipes/2523/swiss-chard-and-kohlrabi-with-lemon-sauce
"

          Cranberry & blue cheese tart with pear salad        
",/recipes/877636/cranberry-and-blue-cheese-tart-with-pear-salad
"

          Pork with sweet & sour onion sauce        
",/recipes/2554639/pork-with-sweet-and-sour-onion-sauce
"

          Teriyaki prawns & broccoli noodles        
",/recipes/1841644/teriyaki-prawns-and-broccoli-noodles
"

          Turkey, thyme & leek meatloaf        
",/recipes/3010/turkey-thyme-and-leek-meatloaf
"

          Broccoli & cauliflower cheese        
",/recipes/1272637/broccoli-and-cauliflower-cheese
"

          American-style salad with palm hearts        
",/recipes/1127/americanstyle-salad-with-palm-hearts
"

          Jerusalem artichoke & horseradish soup        
",/recipes/3145/jerusalem-artichoke-and-horseradish-soup
"

          Pistachio & rose water kulfi        
",/recipes/pistachio-rose-water-kulfi
"

          Sweetcorn cakes with poached eggs & salsa        
",/recipes/sweetcorn-cakes-poached-eggs-salsa
"

          Lemon fondant cake        
",/recipes/1162669/lemon-fondant-cake
"

          Microwave risotto primavera        
",/recipes/4018/microwave-risotto-primavera
"

          Mini chilli beef pies        
",/recipes/3186/mini-chilli-beef-pies
"

          Baked rigatoni with aubergine & mozzarella        
",/recipes/1250/baked-rigatoni-with-aubergine-and-mozzarella
"

          Cajun pork fillet & beer sauce        
",/recipes/2607/cajun-pork-fillet-and-beer-sauce
"

          Warm raspberry cupcakes with orange sugar drizzle        
",/recipes/2210/warm-raspberry-cupcakes-with-orange-sugar-drizzle
"

          Steak & roasted shallot pie with a mustard crust        
",/recipes/1104648/steak-and-roasted-shallot-pie-with-a-mustard-crust
"

          Rhubarb & custard jelly        
",/recipes/3091673/rhubarb-and-custard-jelly
"

          Bhaji frittata        
",/recipes/bhaji-frittata
"

          Potato & taleggio pizza         
",/recipes/2813/potato-and-taleggio-pizza-
"

          Perfect scrambled eggs        
",/recipes/1720/perfect-scrambled-eggs
"

          Lemon, broccoli & sesame roast chicken        
",/recipes/1415668/lemon-broccoli-and-sesame-roast-chicken
"

          Garlic & herb bulgur wheat        
",/recipes/588654/garlic-and-herb-bulgur-wheat
"

          Cheat's gooey pasta bake        
",/recipes/1277/cheats-gooey-pasta-bake
"

          Apple & bacon salad        
",/recipes/2421/apple-and-bacon-salad
"

          Minced beef pie & minty mushy peas        
",/recipes/2257637/minced-beef-pie-and-minty-mushy-peas
"

          Chicken in balsamic, orange & rosemary sauce        
",/recipes/1268/chicken-in-balsamic-orange-and-rosemary-sauce
"

          Wholewheat spaghetti & avocado sauce        
",/recipes/wholewheat-spaghetti-avocado-sauce
"

          Fruit & nut chocolate chequers        
",/recipes/9821/fruit-and-nut-chocolate-chequers
"

          Gluten-free lemon drizzle cake        
",/recipes/5870/glutenfree-lemon-drizzle-cake
"

          Sizzling sausage salad        
",/recipes/1646/sizzling-sausage-salad
"

          Baked cauliflower pizzaiola        
",/recipes/baked-cauliflower-pizzaiola
"

          Big breakfast with asparagus        
",/recipes/big-breakfast-asparagus
"

          Autumn chestnut salad        
",/recipes/8017/autumn-chestnut-salad
"

          Summer vegetable bowl        
",/recipes/2116/summer-vegetable-bowl
"

          Mini smoked haddock omelettes        
",/recipes/1166648/mini-smoked-haddock-omelettes
"

          Proper chicken curry        
",/recipes/2491649/proper-chicken-curry
"

          Slow-baked sticky gammon        
",/recipes/2835665/slowbaked-sticky-gammon
"

          Thai coconut crumbed chicken traybake        
",/recipes/2610636/thai-coconut-crumbed-chicken-traybake
"

          Lettuce rolls        
",/recipes/1112/lettuce-rolls
"

          Wild salmon veggie bowl        
",/recipes/wild-salmon-veggie-bowl
"

          Stir-fried beef with oyster sauce        
",/recipes/stir-fried-beef-oyster-sauce
"

          Raspberry & cardamom eclairs        
",/recipes/raspberry-cardamom-eclairs
"

          Mexican pulled chicken & beans        
",/recipes/mexican-pulled-chicken-beans
"

          Rosemary & garlic lamb burgers        
",/recipes/1411642/rosemary-and-garlic-lamb-burgers
"

          Stilton & cranberry toastie        
",/recipes/1813654/stilton-and-cranberry-toastie
"

          Halloumi & pea salad        
",/recipes/halloumi-pea-salad
"

          Lemon & coriander houmous        
",/recipes/588661/lemon-and-coriander-houmous
"

          Steak & roast vegetables with sundried tomato dressing        
",/recipes/4762/steak-and-roast-vegetables-with-sundried-tomato-dr
"

          Spicy cauliflower        
",/recipes/1713636/spicy-cauliflower
"

          Really easy roast chicken        
",/recipes/really-easy-roast-chicken
"

          Raspberry & amaretti crunch cake        
",/recipes/2221/raspberry-and-amaretti-crunch-cake
"

          Pork with apple & frizzled sage        
",/recipes/1488/pork-with-apple-and-frizzled-sage
"

          Leftover roast chicken pad Thai        
",/recipes/leftover-roast-chicken-pad-thai
"

          Pork & parsnip cobbler        
",/recipes/1209/pork-and-parsnip-cobbler
"

          Spiralized broccoli salad        
",/recipes/spiralized-broccoli-salad
"

          Celeriac & carrot remoulade        
",/recipes/681642/celeriac-and-carrot-remoulade
"

          Pea & radish salad        
",/recipes/1369651/pea-and-radish-salad
"

          Easy Russian salad        
",/recipes/7025/easy-russian-salad
"

          Insalata di fave e pecorino (Fresh broad bean & pecorino cheese salad)        
",/recipes/1237/insalata-di-fave-e-pecorino-fresh-broad-bean-and-p
"

          Veggie bean bakes with salsa        
",/recipes/11170/veggie-bean-bakes-with-salsa
"

          Chicken & couscous one-pot        
",/recipes/10760/chicken-and-couscous-onepot
"

          Roasted squash risotto with Wensleydale        
",/recipes/778636/roasted-squash-risotto-with-wensleydale
"

          Baked aubergines stuffed with minced lamb        
",/recipes/1509/baked-aubergines-stuffed-with-minced-lamb
"

          Spinach & feta stuffed chicken        
",/recipes/4732/spinach-and-feta-stuffed-chicken
"

          Pan-fried mackerel fillets with beetroot & fennel        
",/recipes/pan-fried-mackerel-fillets-beetroot-fennel
"

          Blueberry Bircher pots        
",/recipes/236604/blueberry-bircher-pots
"

          The ultimate makeover: Macaroni cheese        
",/recipes/252622/the-ultimate-makeover-macaroni-cheese
"

          Rosemary braised red cabbage with kabanos        
",/recipes/1758646/rosemary-braised-red-cabbage-with-kabanos
"

          Glazed salmon with green bean & bulghar salad        
",/recipes/518637/glazed-salmon-with-green-bean-and-bulghar-salad
"

          Aromatic lamb with dates        
",/recipes/5065/aromatic-lamb-with-dates
"

          Smoked mackerel risotto        
",/recipes/4730/smoked-mackerel-risotto
"

          Mustard & sage chicken with celeriac mash        
",/recipes/mustard-sage-chicken-celeriac-mash
"

          Speedy Tex-Mex rice        
",/recipes/588653/speedy-texmex-rice
"

          Pan-fried sea bass with puttanesca sauce & celeriac chips        
",/recipes/2838665/panfried-sea-bass-with-puttanesca-sauce-and-celeri
"

          Baked sea bream with tomatoes & coriander        
",/recipes/644634/baked-sea-bream-with-tomatoes-and-coriander
"

          Classic vinaigrette        
",/recipes/2321/classic-vinaigrette
"

          15-minute chicken pasta        
",/recipes/1304/15minute-chicken-pasta
"

          Garlicky greens        
",/recipes/10580/garlicky-greens
"

          Creamy salmon with chunky ratatouille        
",/recipes/2892676/creamy-salmon-with-chunky-ratatouille
"

          Foolproof chocolate & coffee fondants        
",/recipes/1759653/foolproof-chocolate-and-coffee-fondants
"

          Lychee & passion fruit panna cottas        
",/recipes/lychee-passion-fruit-panna-cottas
"

          Pesto & Parmesan spaghetti        
",/recipes/1916/pesto-and-parmesan-spaghetti
"

          Creamy pesto with prosciutto dippers        
",/recipes/976646/creamy-pesto-with-prosciutto-dippers
"

          Halloumi with tomatoes & pomegranate molasses        
",/recipes/halloumi-tomatoes-pomegranate-molasses
"

          Sweet potato dip with chorizo & chicory dippers        
",/recipes/2767661/sweet-potato-dip-with-chorizo-and-chicory-dippers
"

          Oven-roasted chips        
",/recipes/2612/ovenroasted-chips
"

          Sandham family mincemeat        
",/recipes/4829/sandham-family-mincemeat
"

          Barley & broccoli risotto with lemon & basil        
",/recipes/barley-broccoli-risotto-lemon-basil
"

          Onion rings        
",/recipes/onion-rings
"

          Summer beans on toast with prosciutto        
",/recipes/summer-beans-toast-prosciutto
"

          Lime & coriander chicken        
",/recipes/1512/lime-and-coriander-chicken
"

          Nectarines in red wine        
",/recipes/4610/nectarines-in-red-wine
"

          Coconut & lime cake         
",/recipes/2003/coconut-and-lime-cake-
"

          Oriental egg fried rice        
",/recipes/3239/oriental-egg-fried-rice
"

          Sticky coconut rice, mango & passion fruit        
",/recipes/166632/sticky-coconut-rice-mango-and-passion-fruit
"

          Pork & pepper meatballs on parsnip mash        
",/recipes/pork-pepper-meatballs-parsnip-mash
"

          Summery cheese on toast        
",/recipes/2498/summery-cheese-on-toast
"

          Sage & prosciutto pork with rich mushroom ragout        
",/recipes/3135/sage-and-prosciutto-pork-with-rich-mushroom-ragout
"

          Raspberry coconut ices        
",/recipes/4612/raspberry-coconut-ices
"

          Green beans with shallots, garlic & toasted almonds        
",/recipes/1369644/green-beans-with-shallots-garlic-and-toasted-almon
"

          Mozzarella & prosciutto panini        
",/recipes/1836/mozzarella-and-prosciutto-panini
"

          Zesty pomegranate rice        
",/recipes/164621/zesty-pomegranate-rice
"

          Chorizo & apple sausage rolls        
",/recipes/3145673/chorizo-and-apple-sausage-rolls
"

          Courgettes & chicory with black olive dressing        
",/recipes/2527/courgettes-and-chicory-with-black-olive-dressing
"

          Chocolate & banana French toast        
",/recipes/2053653/chocolate-and-banana-french-toast
"

          Creamy leek, potato & ham pie        
",/recipes/creamy-leek-potato-ham-pie
"

          New potato & pecorino frittata        
",/recipes/1249/new-potato-and-pecorino-frittata
"

          Sundried tomato soda bread baps        
",/recipes/2360643/sundried-tomato-soda-bread-baps
"

          Sticky spiced lamb shanks        
",/recipes/786643/sticky-spiced-lamb-shanks
"

          Braised lamb shanks        
",/recipes/2529/braised-lamb-shanks
"

          Cauliflower carpaccio with Morecambe Bay shrimps & samphire        
",/recipes/10990/cauliflower-carpaccio-with-morecambe-bay-shrimps-a
"

          Blood orange & chilli marmalade        
",/recipes/blood-orange-chilli-marmalade
"

          Roast sea bass with chilli & lime leaves        
",/recipes/3425/roast-sea-bass-with-chilli-and-lime-leaves
"

          Bok choi with oyster sauce & chilli        
",/recipes/1805660/bok-choi-with-oyster-sauce-and-chilli
"

          Crispy golden spuds        
",/recipes/2744676/crispy-golden-spuds
"

          Five-spice beef & sugar snap noodles        
",/recipes/1415663/fivespice-beef-and-sugar-snap-noodles
"

          Chunky tomato & avocado salsa        
",/recipes/1853641/chunky-tomato-and-avocado-salsa
"

          Warm chicken & chicory salad        
",/recipes/251606/warm-chicken-and-chicory-salad
"

          Paprika pork        
",/recipes/1088656/paprika-pork
"

          Beef fillet with red wine sauce        
",/recipes/beef-fillet-red-wine-sauce
"

          Quick & easy hot-and-sour chicken noodle soup        
",/recipes/412630/quick-and-easy-hotandsour-chicken-noodle-soup
"

          Springtime minestrone        
",/recipes/6023/springtime-minestrone
"

          Peach Melba roulade        
",/recipes/2257639/peach-melba-roulade
"

          Cheesy spinach bake        
",/recipes/749634/cheesy-spinach-bake
"

          Spanish seafood rice        
",/recipes/412624/spanish-seafood-rice
"

          Curried pulled lamb        
",/recipes/curried-pulled-lamb
"

          Rhubarb & ginger jam        
",/recipes/1091639/rhubarb-and-ginger-jam
"

          Cherry Bakewell sponge pudding        
",/recipes/cherry-bakewell-sponge-pudding
"

          Courgette & quinoa-stuffed peppers        
",/recipes/2248640/courgette-and-quinoastuffed-peppers
"

          Weaning recipe: Pea pesto with pasta shapes        
",/recipes/pea-pesto-pasta-shapes
"

          Pear, date & walnut salad with creamy Stilton dressing        
",/recipes/2556/pear-date-and-walnut-salad-with-creamy-stilton-dre
"

          Ratatouille        
",/recipes/2903/ratatouille
"

          Refried bean quesadillas        
",/recipes/725645/refried-bean-quesadillas
"

          PBJ Bakewell tart        
",/recipes/pbj-bakewell-tart
"

          Special seafood & saffron pasta        
",/recipes/special-seafood-saffron-pasta
"

          Lighter chicken cacciatore        
",/recipes/lighter-chicken-cacciatore
"

          Parmesan spring chicken        
",/recipes/5987/parmesan-spring-chicken
"

          Boston baked beans        
",/recipes/420621/boston-baked-beans
"

          The ultimate makeover: Thai green chicken curry        
",/recipes/11252/the-ultimate-makeover-thai-green-chicken-curry
"

          Caramel poached peaches with blueberries        
",/recipes/2120/caramel-poached-peaches-with-blueberries
"

          Butter bean & chilli tomato salad        
",/recipes/2950/butter-bean-and-chilli-tomato-salad
"

          Thai red duck with sticky pineapple rice        
",/recipes/thai-red-duck-sticky-pineapple-rice
"

          Roasted chestnut & herb pesto pasta with mushrooms        
",/recipes/1039650/roasted-chestnut-and-herb-pesto-pasta-with-mushroo
"

          Peas & beans with crunchy croutons        
",/recipes/peas-beans-crunchy-croutons
"

          Sausage & fennel seed slices        
",/recipes/sausage-fennel-seed-slices
"

          Baked courgettes stuffed with spiced lamb & tomato sauce        
",/recipes/1366649/baked-courgettes-stuffed-with-spiced-lamb-and-toma
"

          Bobotie        
",/recipes/5109/bobotie
"

          Mexican chopped salad (Pico de gallo)        
",/recipes/1414639/mexican-chopped-salad-pico-de-gallo
"

          Spiced sweet & sour pickled beetroot         
",/recipes/2303686/spiced-sweet-and-sour-pickled-beetroot-
"

          Creamy salmon & chive bows        
",/recipes/2358638/creamy-salmon-and-chive-bows
"

          Chilli salmon & teriyaki noodles        
",/recipes/chilli-salmon-teriyaki-noodles
"

          Herb-studded roast loin of pork with apple & cider gravy        
",/recipes/2806662/herbstudded-roast-loin-of-pork-with-apple-and-cide
"

          Maple-roasted marrow on cavolo nero salad        
",/recipes/maple-roasted-marrow-cavolo-nero-salad
"

          Peppermint & rose cream napkin decorations        
",/recipes/1826700/peppermint-and-rose-cream-napkin-decorations
"

          Basque-style salmon stew        
",/recipes/1111642/basquestyle-salmon-stew
"

          Spinach, ricotta & chicken traybake        
",/recipes/spinach-ricotta-chicken-traybake
"

          Baked potatoes with spicy dhal        
",/recipes/3147681/baked-potatoes-with-spicy-dhal
"

          Cheesy broccoli pasta bake        
",/recipes/1094665/cheesy-broccoli-pasta-bake
"

          Barney's Confit of duck        
",/recipes/2085/barneys-confit-of-duck
"

          Mini meatball sliders        
",/recipes/2760977/mini-meatball-sliders
"

          Sole goujons with Thai sauce        
",/recipes/782636/sole-goujons-with-thai-sauce
"

          Potato, parsnip & horseradish baked rosti        
",/recipes/2886/potato-parsnip-and-horseradish-baked-rosti
"

          Red cabbage with juniper & pears        
",/recipes/red-cabbage-juniper-pears
"

          Challah grapefruit French toast        
",/recipes/challah-grapefruit-french-toast
"

          Shallot tarte tatin with goat's cheese        
",/recipes/1129654/shallot-tarte-tatin-with-goats-cheese
"

          Mushroom, ricotta & rocket tart        
",/recipes/mushroom-ricotta-rocket-tart
"

          Orient express omelette         
",/recipes/2781/orient-express-omelette-
"

          Lighter Lancashire hotpot        
",/recipes/lighter-lancashire-hotpot
"

          Pecan mince pie        
",/recipes/pecan-mince-pie
"

          Sausages with oregano, mushrooms & olives        
",/recipes/5161/sausages-with-oregano-mushrooms-and-olives
"

          Rough-puff pastry         
",/recipes/2403/roughpuff-pastry-
"

          Courgette caponata with thyme & garlic chicken        
",/recipes/3161699/courgette-caponata-with-thyme-and-garlic-chicken
"

          Lemon & oregano chicken traybake        
",/recipes/2411639/lemon-and-oregano-chicken-traybake
"

          Fennel & lemon risotto        
",/recipes/1089640/fennel-and-lemon-risotto
"

          Butter bean & tomato stew        
",/recipes/845644/butter-bean-and-tomato-stew
"

          Classic white loaf        
",/recipes/7568/classic-white-loaf
"

          Roast grouse with blackcurrant & beetroot sauce        
",/recipes/2358659/roast-grouse-with-blackcurrant-and-beetroot-sauce
"

          Tomato & basil sauce        
",/recipes/6995/tomato-and-basil-sauce
"

          Moroccan harira & chicken soup        
",/recipes/moroccan-harira-chicken-soup
"

          Warm duck salad with walnut & orange dressing        
",/recipes/3443/warm-duck-salad-with-walnut-and-orange-dressing
"

          Croissants        
",/recipes/croissants
"

          Spiced bulghar wheat with roasted peppers        
",/recipes/2296/spiced-bulghar-wheat-with-roasted-peppers
"

          Creamed leek tart        
",/recipes/47615/creamed-leek-tart
"

          Curried udon soup        
",/recipes/curried-udon-soup
"

          Quick lemon gravadlax        
",/recipes/quick-lemon-gravadlax
"

          Proper spicy pot noodle        
",/recipes/2768/proper-spicy-pot-noodle
"

          Vegetable stew with herby dumplings        
",/recipes/1039648/vegetable-stew-with-herby-dumplings
"

          Spicy tuna & cottage cheese jacket        
",/recipes/1897713/spicy-tuna-and-cottage-cheese-jacket
"

          Lemon & mint aubergine tagine with almond couscous        
",/recipes/lemon-mint-aubergine-tagine-almond-couscous
"

          Mini chocolate cheesecakes        
",/recipes/3018693/mini-chocolate-cheesecakes
"

          Veggie moussaka        
",/recipes/veggie-moussaka
"

          Noodles with stir-fried chilli veg        
",/recipes/4780/noodles-with-stirfried-chilli-veg
"

          Stir-fried greens with oyster sauce        
",/recipes/2274/stirfried-greens-with-oyster-sauce
"

          Pan-cooked feta with beetroot salsa & bean mash        
",/recipes/pan-cooked-feta-beetroot-salsa-bean-mash
"

          Creamy baked cauliflower        
",/recipes/1789650/creamy-baked-cauliflower
"

          Jewelled cranberry & juniper red cabbage        
",/recipes/2324/jewelled-cranberry-and-juniper-red-cabbage
"

          Crispy garlic & rosemary slices        
",/recipes/748648/crispy-garlic-and-rosemary-slices
"

          Savoy cabbage with shallots & fennel seeds        
",/recipes/savoy-cabbage-shallots-fennel-seeds
"

          Hot smoked salmon with fennel salad & lemon mayo        
",/recipes/2248665/hot-smoked-salmon-with-fennel-salad-and-lemon-mayo
"

          Classic Swedish meatballs        
",/recipes/10365/classic-swedish-meatballs
"

          Fifteens        
",/recipes/fifteens
"

          Spiced grilled lamb skewers        
",/recipes/spiced-grilled-lamb-skewers
"

          Cheesy courgette pizza        
",/recipes/590632/cheesy-courgette-pizza
"

          Butternut squash pilaf        
",/recipes/butternut-squash-pilaf
"

          Potato & smoked trout salad with mustard dressing        
",/recipes/3028692/potato-and-smoked-trout-salad-with-mustard-dressin
"

          Garlic bacon butties        
",/recipes/4853/garlic-bacon-butties
"

          Classic Christmas pudding        
",/recipes/1159/classic-christmas-pudding
"

          Tamborine chicken         
",/recipes/4467/tamborine-chicken-
"

          Cheeseboard & onion tart        
",/recipes/8787/cheeseboard-and-onion-tart
"

          Lentil lasagne        
",/recipes/2554642/lentil-lasagne
"

          Prawn & mango salad        
",/recipes/prawn-mango-salad
"

          Spicy stir-fried sprouts        
",/recipes/8033/spicy-stirfried-sprouts
"

          Pork & slaw sandwiches        
",/recipes/1959646/pork-and-slaw-sandwiches
"

          Luscious lemon pudding with summer berries        
",/recipes/11258/luscious-lemon-pudding-with-summer-berries
"

          Rustic bread        
",/recipes/2764/rustic-bread
"

          Carrot, apple & celeriac mash        
",/recipes/995641/carrot-apple-and-celeriac-mash
"

          Pilau with peas        
",/recipes/1713639/pilau-with-peas
"

          Lemon sherbet ice        
",/recipes/2360661/lemon-sherbet-ice
"

          Chunky chilli        
",/recipes/chunky-chilli
"

          Pea pesto & prawn spaghetti        
",/recipes/1651635/pea-pesto-and-prawn-spaghetti
"

          Honey-mustard glazed duck        
",/recipes/887644/honeymustard-glazed-duck
"

          Oriental duck salad        
",/recipes/1162659/oriental-duck-salad
"

          Flavoured butters        
",/recipes/1911/flavoured-butters
"

          Wholemeal spinach & potato pies        
",/recipes/10135/wholemeal-spinach-and-potato-pies
"

          Smoked salmon carpaccio        
",/recipes/smoked-salmon-carpaccio
"

          Sticky onion & cheddar quiche        
",/recipes/6291/sticky-onion-and-cheddar-quiche
"

          Fudgy chocolate squares        
",/recipe/fudgy-chocolate-squares
"

          Cornbread        
",/recipes/cornbread
"

          Lemon curd pots        
",/recipes/1104/lemon-curd-pots
"

          Watermelon & orange blossom lemonade        
",/recipes/watermelon-orange-blossom-lemonade
"

          Crumbled top mince pies        
",/recipes/1003/crumbled-top-mince-pies
"

          Pea & mint soup with crispy prosciutto strips        
",/recipes/pea-mint-soup-crispy-prosciutto-strips
"

          Eton mess parfait with berry sauce        
",/recipes/2204/eton-mess-parfait-with-berry-sauce
"

          Indian chicken salad        
",/recipes/3074686/indian-chicken-salad
"

          Lighter spaghetti & meatballs        
",/recipes/lighter-spaghetti-meatballs
"

          Leeky salmon in a parcel        
",/recipes/1575/leeky-salmon-in-a-parcel
"

          Chicken liver parfait with apple & saffron chutney        
",/recipes/2191/chicken-liver-parfait-with-apple-and-saffron-chutn
"

          Weaning recipe: Slow-cooked lamb & veg with sweet potato & carrot mash        
",/recipes/slow-cooked-lamb-veg-sweet-carrot-mash
"

          Prawn, pineapple & cashew fried rice        
",/recipes/prawn-pineapple-cashew-fried-rice
"

          Peach & almond tart        
",/recipes/1777/peach-and-almond-tart
"

          Preserved lemons        
",/recipes/1977656/preserved-lemons
"

          Sweet potato & sprout hash with poached eggs        
",/recipes/sweet-potato-sprout-hash-poached-eggs
"

          Chocolate peppermint shooting star cake        
",/recipes/chocolate-peppermint-shooting-star-cake
"

          Dark mocha torte        
",/recipes/2537/dark-mocha-torte
"

          Sweet & sticky cabbage with bangers        
",/recipes/sweet-sticky-cabbage-bangers
"

          Roast parsnips with maple syrup & rosemary        
",/recipes/roast-parsnips-maple-syrup-rosemary
"

          Cauliflower vinaigrette        
",/recipes/420627/cauliflower-vinaigrette
"

          Stir-fried mushrooms & spinach with golden onions        
",/recipes/1693/stirfried-mushrooms-and-spinach-with-golden-onions
"

          Falafels with spicy tomato & cashew sauce & poached spring vegetables        
",/recipes/falafels-spicy-tomato-cashew-sauce-poached-spring-vegetables
"

          Ceviche        
",/recipes/1853678/ceviche
"

          Caramelised apples with cider        
",/recipes/caramelised-apples-cider
"

          Mediterranean marinated vegetables        
",/recipes/1287/mediterranean-marinated-vegetables
"

          Speedy lamb & spinach curry        
",/recipes/13140/speedy-lamb-and-spinach-curry
"

          Chicken, squash & pesto lasagne        
",/recipe/chicken-squash-pesto-lasagne
"

          Christmas pudding cake pops        
",/recipes/1826711/christmas-pudding-cake-pops
"

          Winter whiskey sour        
",/recipes/winter-whiskey-sour
"

          Creamy chicken & green bean pesto pasta        
",/recipes/2320662/creamy-chicken-and-green-bean-pesto-pasta
"

          Watercress & potato salad with anchovy dressing        
",/recipes/10871/watercress-and-potato-salad-with-anchovy-dressing
"

          Utterly nutterly caramel layer cake        
",/recipes/utterly-nutterly-caramel-layer-cake
"

          Tasty turkey meatballs        
",/recipes/tasty-turkey-meatballs
"

          Crispy Chinese duck with peaches        
",/recipes/2358646/crispy-chinese-duck-with-peaches
"

          Garden salad        
",/recipe/garden-salad-0
"

          Ginger chicken        
",/recipes/3376/ginger-chicken
"

          Little Eccles mince pies        
",/recipes/4856/little-eccles-mince-pies
"

          Seven-hour lamb        
",/recipes/1094/sevenhour-lamb
"

          Red onion, feta & olive tart        
",/recipes/3216/red-onion-feta-and-olive-tart
"

          Summer rarebit        
",/recipes/summer-rarebit
"

          Smoked salmon & poppy seed palmiers        
",/recipes/smoked-salmon-poppy-seed-palmiers
"

          Charred chicory cups & walnut brittle        
",/recipes/charred-chicory-cups-walnut-brittle
"

          Pork, green bean & oyster stir-fry        
",/recipes/1813671/pork-green-bean-and-oyster-stirfry
"

          Celeriac oven chips        
",/recipes/1145/celeriac-oven-chips
"

          Zesty mincemeat        
",/recipes/zesty-mincemeat
"

          Red cabbage with Bramley apple & walnuts        
",/recipes/893655/red-cabbage-with-bramley-apple-and-walnuts
"

          Steak sandwich on a plate        
",/recipes/6661/steak-sandwich-on-a-plate
"

          New potato & green bean salad        
",/recipes/2360647/new-potato-and-green-bean-salad
"

          Spiced roast beef        
",/recipes/75602/spiced-roast-beef
"

          Parsnip, potato & St Gall cheese gratin        
",/recipes/1779/parsnip-potato-and-st-gall-cheese-gratin
"

          Christmas pie        
",/recipes/2793/christmas-pie
"

          Roast vegetable tray        
",/recipes/2560/roast-vegetable-tray
"

          Roti jala (Malaysian net pancakes)        
",/recipes/roti-jala-malaysian-net-pancakes
"

          French bean & duck Thai curry        
",/recipes/6287/french-bean-and-duck-thai-curry
"

          Chocolate fondant        
",/recipes/8168/chocolate-fondant
"

          Sticky maple pork with apples        
",/recipes/5966/sticky-maple-pork-with-apples
"

          Walkers' wild mushroom, bacon & barley broth        
",/recipes/166615/walkers-wild-mushroom-bacon-and-barley-broth
"

          Red pepper, mozzarella & spinach melts        
",/recipes/1205/red-pepper-mozzarella-and-spinach-melts
"

          Pea, feta & summer herb frittata        
",/recipe/pea-feta-summer-herb-frittata
"

          Mini Mont Blancs        
",/recipes/mini-mont-blancs
"

          Spicy harissa chicken with lentils        
",/recipes/spicy-harissa-chicken-lentils
"

          Cod & chorizo stew        
",/recipes/cod-chorizo-stew
"

          Salsa potatoes        
",/recipes/2360/salsa-potatoes
"

          Winter cobb salad        
",/recipes/874637/winter-cobb-salad
"

          Slow-roasted tomatoes & rocket        
",/recipes/6504/slowroasted-tomatoes-and-rocket
"

          Mushroom stroganoff on toast        
",/recipes/1347/mushroom-stroganoff-on-toast
"

          Dark muscovado & whisky marmalade        
",/recipes/1167/dark-muscovado-and-whisky-marmalade
"

          Turnip, potato & mustard gratin        
",/recipes/166607/turnip-potato-and-mustard-gratin
"

          Thai sticky chicken & ribs        
",/recipes/1377637/thai-sticky-chicken-and-ribs
"

          Seafood curry        
",/recipes/1581644/seafood-curry
"

          Coconut & squash dhansak        
",/recipes/coconut-squash-dhansak
"

          Peppery prawn noodles        
",/recipes/7735/peppery-prawn-noodles
"

          Chinese spiced seed mix        
",/recipes/2248660/chinese-spiced-seed-mix
"

          Inside-out chicken Kiev        
",/recipes/2214/insideout-chicken-kiev
"

          Sesame & ginger green beans        
",/recipes/1107636/sesame-and-ginger-green-beans
"

          Coronation turkey with homemade chapattis        
",/recipes/146609/coronation-turkey-with-homemade-chapattis
"

          Eggy spelt bread with orange cheese & raspberries        
",/recipes/eggy-spelt-bread-orange-cheese-raspberries
"

          Lentil & tomato salad        
",/recipes/3147709/lentil-and-tomato-salad
"

          Warm chorizo, sweet potato & egg salad        
",/recipes/4414/warm-chorizo-sweet-potato-and-egg-salad
"

          Quick & easy Korean pork        
",/recipes/quick-easy-korean-pork
"

          Barbecue pork with bok choi        
",/recipes/3578/barbecue-pork-with-bok-choi
"

          Paprika chicken ciabattas        
",/recipes/586648/paprika-chicken-ciabattas
"

          Sweetcorn pancakes with fried eggs & chorizo salsa        
",/recipes/sweetcorn-pancakes-fried-eggs-chorizo-salsa
"

          Rapid rocket, carrot & ham salad        
",/recipes/2780/rapid-rocket-carrot-and-ham-salad
"

          Tuna, avocado & pea salad in Baby Gem lettuce wraps        
",/recipes/tuna-sweetcorn-pea-salad-baby-gem-lettuce-wraps
"

          Squid & pinto bean stew with garlic toasts        
",/recipes/squid-pinto-bean-stew-garlic-toasts
"

          Soy steamed chicken with oriental rice        
",/recipes/4412/soy-steamed-chicken-with-oriental-rice
"

          Spicy beef stew with beans & peppers        
",/recipes/3328/spicy-beef-stew-with-beans-and-peppers
"

          Minced lamb filo tarts        
",/recipes/1267645/minced-lamb-filo-tarts
"

          Spinach & feta cannelloni        
",/recipes/3406/spinach-and-feta-cannelloni
"

          Honey-roasted beetroot & carrots        
",/recipes/honey-roasted-beetroot-carrots
"

          Strawberry compote with sugared drop scones        
",/recipes/2196650/strawberry-compote-with-sugared-drop-scones
"

          From-the-freezer Yorkies        
",/recipes/2751670/fromthefreezer-yorkies
"

          Ginger & caramel apple puddings        
",/recipes/853644/ginger-and-caramel-apple-puddings
"

          Lemon-roasted new potatoes        
",/recipes/7772/lemonroasted-new-potatoes
"

          Salmon noodle wraps         
",/recipes/4552/salmon-noodle-wraps-
"

          Potato, pepper & chorizo stew with fried eggs        
",/recipes/1959651/potato-pepper-and-chorizo-stew-with-fried-eggs
"

          Speedy Mediterranean gnocchi        
",/recipes/speedy-mediterranean-gnocchi
"

          Masala meatball curry        
",/recipes/masala-meatball-curry
"

          Little fig & almond cakes        
",/recipes/2412638/little-fig-and-almond-cakes
"

          Salmon & soured cream potato bites        
",/recipes/1622/salmon-and-soured-cream-potato-bites
"

          Stroganoff steaks        
",/recipes/2024/stroganoff-steaks
"

          Turkey, pea guacamole & radish wrap        
",/recipe/turkey-pea-guacamole-radish-wrap
"

          Garlic eyeballs with creamy chive dip        
",/recipes/873636/garlic-eyeballs-with-creamy-chive-dip
"

          Indian crumbed fish with spicy chips        
",/recipes/1568638/indian-crumbed-fish-with-spicy-chips
"

          Chinese-style pork fillet with fried rice        
",/recipes/1649638/chinesestyle-pork-fillet-with-fried-rice
"

          Little blueberry cream tarts        
",/recipes/1226/little-blueberry-cream-tarts
"

          Spanish beans with chicken & chorizo        
",/recipes/420625/spanish-beans-with-chicken-and-chorizo
"

          Sugar-crunch fruitcake        
",/recipes/355609/sugarcrunch-fruitcake
"

          Spinach with raisins & pine nuts        
",/recipe/spinach-raisins-pine-nuts
"

          Miso mustard pork chops with sesame green beans        
",/recipes/miso-mustard-pork-chops-sesame-green-beans
"

          Chicken crackling        
",/recipes/chicken-crackling
"

          Braised beef & roasted garlic pie        
",/recipes/2671/braised-beef-and-roasted-garlic-pie
"

          Red braised ginger pork belly with pickled chillies        
",/recipes/2884662/red-braised-ginger-pork-belly-with-pickled-chillie
"

          Easy chicken tagine        
",/recipes/5967/easy-chicken-tagine
"

          Cheese & ham pancake roll-ups        
",/recipes/cheese-ham-pancake-roll-ups
"

          Pumpkin pie s'mores        
",/recipes/pumpkin-pie-smores
"

          Piri-piri halloumi & slaw wraps with sweet potato wedges        
",/recipes/piri-piri-halloumi-slaw-wraps-sweet-potato-wedges
"

          Upside-down peaches & cream cake        
",/recipes/6611/upsidedown-peaches-and-cream-cake
"

          Mini venison & blueberry dogs        
",/recipes/mini-venison-blueberry-dogs
"

          Salmon & asparagus quiche        
",/recipes/salmon-asparagus-quiche
"

          Ceremonial lamb with broad beans & mint        
",/recipes/2335/ceremonial-lamb-with-broad-beans-and-mint
"

          Ras el hanout spice mix        
",/recipes/3161675/ras-el-hanout-spice-mix
"

          Poached pears in spiced red wine        
",/recipes/5044/poached-pears-in-spiced-red-wine
"

          Salmon with salsa verde new potatoes        
",/recipes/salmon-salsa-verde-new-potatoes
"

          Roast salmon with pesto sauce & beetroot slaw        
",/recipes/roast-salmon-pesto-sauce-beetroot-slaw
"

          Mushroom & spinach risotto        
",/recipes/3245/mushroom-and-spinach-risotto
"

          Dauphinoise potatoes        
",/recipes/402620/dauphinoise-potatoes
"

          Beef, ale & parsnip pudding        
",/recipes/1974640/beef-ale-and-parsnip-pudding
"

          Quick-fried runner beans with cheddar & hazelnuts        
",/recipes/quick-fried-runner-beans-cheddar-hazelnuts
"

          Baked ricotta-stuffed tandoori potatoes        
",/recipes/11206/baked-ricottastuffed-tandoori-potatoes
"

          Fiorentina baked pasta        
",/recipes/3220/fiorentina-baked-pasta
"

          Cumin-scented chicken curry        
",/recipes/2746/cuminscented-chicken-curry
"

          Ricotta & rocket pasta pockets        
",/recipes/1564/ricotta-and-rocket-pasta-pockets
"

          Lemony crab & cucumber clubs        
",/recipes/lemony-crab-cucumber-clubs
"

          Mango & banana smoothie        
",/recipes/6996/mango-and-banana-smoothie
"

          Spuds stuffed with tuna & chives        
",/recipes/3069/spuds-stuffed-with-tuna-and-chives
"

          Mexican potato wedges        
",/recipes/2783/mexican-potato-wedges
"

          Sausage & courgette kebabs        
",/recipes/590631/sausage-and-courgette-kebabs
"

          Red cabbage, beetroot & apple salad        
",/recipes/2196656/red-cabbage-beetroot-and-apple-salad
"

          Fig & prosciutto pizzettas        
",/recipes/2411657/fig-and-prosciutto-pizzettas
"

          Balsamic shallots & carrots with goat's cheese        
",/recipes/balsamic-shallots-carrots-goats-cheese
"

          Poached egg salad with garlic croutons        
",/recipes/2945/poached-egg-salad-with-garlic-croutons
"

          Perfect steamed broccoli        
",/recipes/3496/perfect-steamed-broccoli
"

          One-pan prawn pad Thai        
",/recipes/725642/onepan-prawn-pad-thai
"

          Sweet roasted onions        
",/recipes/sweet-roasted-onions
"

          Chicken & pasta salad        
",/recipes/1508650/chicken-and-pasta-salad
"

          Prawn spring roll wraps        
",/recipes/8049/prawn-spring-roll-wraps
"

          Aubergine pilau with garlicky yogurt        
",/recipes/aubergine-pilau-garlicky-yogurt
"

          Crunchy nut cake decoration        
",/recipes/1803639/crunchy-nut-cake-decoration
"

          Warm sausage & broccoli pasta salad        
",/recipes/warm-sausage-broccoli-pasta-salad
"

          Creamy courgette pasta        
",/recipes/3150/creamy-courgette-pasta
"

          Greek lamb baguette        
",/recipes/9043/greek-lamb-baguette
"

          Sticky date buns        
",/recipes/2540638/sticky-date-buns
"

          Parmesan broccoli        
",/recipes/2565/parmesan-broccoli
"

          Smoked haddock & cheat's chips        
",/recipes/smoked-haddock-cheats-chips
"

          Seared swordfish with mango salsa        
",/recipes/4398/seared-swordfish-with-mango-salsa
"

          Barley, chicken & mushroom risotto        
",/recipes/2537637/barley-chicken-and-mushroom-risotto
"

          Salted caramel popcorn pots        
",/recipes/salted-caramel-popcorn-pots
"

          Deli pasta salad        
",/recipes/2994/deli-pasta-salad
"

          Roasted vegetable lasagne        
",/recipes/10603/roasted-vegetable-lasagne
"

          Fresh salmon with dill & capers        
",/recipes/2141637/fresh-salmon-with-dill-and-capers
"

          Tangy beetroot & bean salad        
",/recipes/10606/tangy-beetroot-and-bean-salad
"

          Rocket & courgette soup with goat's cheese croutons        
",/recipes/470630/rocket-and-courgette-soup-with-goats-cheese-crouto
"

          Lemony smoked salmon & spinach tagliatelle        
",/recipes/lemony-smoked-salmon-spinach-tagliatelle
"

          Braised summer veg        
",/recipes/braised-summer-veg
"

          Raspberry Linzer slice        
",/recipes/696635/raspberry-linzer-slice
"

          Tomato soup        
",/recipes/2075/tomato-soup
"

          Halloumi with bulghar, chickpea & rocket salad        
",/recipes/halloumi-bulghar-chickpea-rocket-salad
"

          Bay, popcorn & cranberry strings        
",/recipes/1840653/bay-popcorn-and-cranberry-strings
"

          Chocolate biscuit truffles        
",/recipes/3502/chocolate-biscuit-truffles
"

          Banana bread & butter pudding        
",/recipes/3332/banana-bread-and-butter-pudding
"

          Turkey burgers         
",/recipes/1581/turkey-burgers-
"

          Hot marinated courgettes        
",/recipes/2456/hot-marinated-courgettes
"

          Marzipan-in-the-middle bundt cake        
",/recipes/marzipan-middle-bundt-cake
"

          Coconut-ice marshmallows        
",/recipes/2852686/coconutice-marshmallows
"

          Guava & passion fruit lollies        
",/recipes/4611/guava-and-passion-fruit-lollies
"

          Pear & chocolate pudding        
",/recipes/12748/pear-and-chocolate-pudding
"

          Gremolata couscous-stuffed peppers        
",/recipes/11620/gremolata-couscousstuffed-peppers
"

          Salmon, fennel & orange salad        
",/recipes/5865/salmon-fennel-and-orange-salad
"

          Lighter aubergine Parmigiana        
",/recipes/lighter-aubergine-parmigiana
"

          Pan-fried mozzarella parcels        
",/recipes/3154/panfried-mozzarella-parcels
"

          Strawberry & rose sorbet        
",/recipes/3147696/strawberry-and-rose-sorbet
"

          Scotch egg pasties        
",/recipes/11692/scotch-egg-pasties
"

          Iced blueberry & lime cheesecake        
",/recipes/1397636/iced-blueberry-and-lime-cheesecake
"

          Red Thai meatball curry        
",/recipes/764644/red-thai-meatball-curry
"

          Mustard butter-basted roast turkey with bacon        
",/recipes/mustard-butter-basted-roast-turkey-bacon
"

          Drivers' punch        
",/recipes/1621/drivers-punch
"

          Freezer biscuits        
",/recipes/4672/freezer-biscuits
"

          Minty salmon & broccoli frittata        
",/recipes/7575/minty-salmon-and-broccoli-frittata
"

          Mini prawn cocktails        
",/recipes/2137654/mini-prawn-cocktails
"

          Spiced hot choc        
",/recipes/236607/spiced-hot-choc
"

          Glazed carrots with peas        
",/recipes/10197/glazed-carrots-with-peas
"

          Thick yogurt & herb dip        
",/recipes/7989/thick-yogurt-and-herb-dip
"

          Homemade lemonade        
",/recipes/2270/homemade-lemonade
"

          Sticky chicken drumsticks        
",/recipes/4837/sticky-chicken-drumsticks
"

          Creamy pea & chive risotto        
",/recipes/6271/creamy-pea-and-chive-risotto
"

          Coconut & mango sponge        
",/recipes/coconut-mango-sponge
"

          Vegan cherry & almond brownies        
",/recipes/vegan-cherry-almond-brownies
"

          Watermelon gin spritzer        
",/recipes/2895/watermelon-gin-spritzer
"

          Spicy chicken & bean stew        
",/recipes/1570643/spicy-chicken-and-bean-stew
"

          Herby lamb fillet with caponata        
",/recipes/herby-lamb-fillet-caponata
"

          Muffin-topped winter beef stew        
",/recipes/1859/muffintopped-winter-beef-stew
"

          Aubergine salad with black bean        
",/recipes/10657/aubergine-salad-with-black-bean
"

          Tarragon & almond chicken        
",/recipes/1228/tarragon-and-almond-chicken
"

          Chicken chow mein        
",/recipes/13133/chicken-chow-mein
"

          Sticky pork & pineapple hotpot        
",/recipes/sticky-pork-pineapple-hotpot
"

          Roasted vegetable couscous with mascarpone        
",/recipes/12795/roasted-vegetable-couscous-with-mascarpone
"

          Bulghar & spinach fritters with eggs & tomato chutney        
",/recipes/2538642/bulghar-and-spinach-fritters-with-eggs-and-tomato-
"

          Yogurt parfaits with crushed strawberries & amaretti        
",/recipes/1580652/yogurt-parfaits-with-crushed-strawberries-and-amar
"

          Steamed fish with ginger & spring onion        
",/recipes/2778669/steamed-fish-with-ginger-and-spring-onion
"

          Polenta-crusted chicken with cornbread        
",/recipes/polenta-crusted-chicken-cornbread
"

          Ham & stem ginger thins        
",/recipes/ham-stem-ginger-thins
"

          Stuffed avocado with spicy beans & feta        
",/recipes/stuffed-avocado-spicy-beans-feta
"

          Yellow pepper rice        
",/recipes/7720/yellow-pepper-rice
"

          Melting cheese with poppy & apricot bread wreath        
",/recipes/2762680/melting-cheese-with-poppy-and-apricot-bread-wreath
"

          Merguez beanpot        
",/recipes/merguez-beanpot
"

          Patatas bravas with chorizo        
",/recipes/461640/patatas-bravas-with-chorizo
"

          Chocolate & almond puds with boozy hot chocolate sauce        
",/recipes/1104646/chocolate-and-almond-puds-with-boozy-hot-chocolate
"

          Milk chocolate sorbet        
",/recipes/2539/milk-chocolate-sorbet
"

          Family meals: Easy fish pie        
",/recipes/2303636/family-meals-easy-fish-pie
"

          Trout & fennel parcels        
",/recipes/1756/trout-and-fennel-parcels
"

          Poached salmon & asparagus with wild garlic mayonnaise        
",/recipes/poached-salmon-asparagus-wild-garlic-mayonnaise
"

          Calzone with greens        
",/recipes/237610/calzone-with-greens
"

          Greek pork patties with radish tzatziki        
",/recipes/2972685/greek-pork-patties-with-radish-tzatziki
"

          Spicy chicken & bean wrap        
",/recipes/9045/spicy-chicken-and-bean-wrap
"

          Roast beef sirloin with simple Asian sauce        
",/recipes/10654/roast-beef-sirloin-with-simple-asian-sauce
"

          Chocolate truffle star cake        
",/recipes/8194/chocolate-truffle-star-cake
"

          Pizzadillas        
",/recipes/pizzadillas
"

          Thai carrot & radish salad        
",/recipes/2137652/thai-carrot-and-radish-salad
"

          Big-batch Bolognese        
",/recipes/775660/bigbatch-bolognese
"

          Buttermilk bites        
",/recipes/11417/buttermilk-bites
"

          Crispy chicken & apple slaw        
",/recipes/1897722/crispy-chicken-and-apple-slaw
"

          Mango crunch cookies        
",/recipes/mango-crunch-cookies
"

          Italian cottage pie        
",/recipes/353605/italian-cottage-pie
"

          Bear's chocolate mousse        
",/recipes/bears-chocolate-mousse
"

          Movie night nachos with chorizo & creamy guacamole        
",/recipes/movie-night-nachos-chorizo-creamy-guacamole
"

          Butternut squash, sage & walnut honeycomb cannelloni        
",/recipes/butternut-squash-sage-walnut-honeycomb-cannelloni
"

          Spice & honey salmon with couscous        
",/recipes/9976/spice-and-honey-salmon-with-couscous
"

          Glamorgan cheese sausage rolls        
",/recipes/3055/glamorgan-cheese-sausage-rolls
"

          Mango & passion fruit smoothie        
",/recipes/2364642/mango-and-passion-fruit-smoothie
"

          Thai prawns with pineapple & green beans        
",/recipes/thai-prawns-pineapple-green-beans
"

          Leek, butter bean & chorizo gratin        
",/recipes/8090/leek-butter-bean-and-chorizo-gratin
"

          Mustard, sausage & apple tart        
",/recipes/2578/mustard-sausage-and-apple-tart
"

          Cauliflower, saffron & smoked haddock soup        
",/recipes/1440/cauliflower-saffron-and-smoked-haddock-soup
"

          Swede & parsnip bake        
",/recipes/893654/swede-and-parsnip-bake
"

          Clementine & Cointreau marmalade        
",/recipes/3384/clementine-and-cointreau-marmalade
"

          Lighter Scotch eggs        
",/recipes/3028700/lighter-scotch-eggs
"

          Nutty chocolate crunch        
",/recipes/887648/nutty-chocolate-crunch
"

          Baked apples with prunes, cinnamon & ginger        
",/recipes/7679/baked-apples-with-prunes-cinnamon-and-ginger
"

          Butterscotch cookies        
",/recipes/2248639/butterscotch-cookies
"

          Ham & peach nibbles        
",/recipes/ham-peach-nibbles
"

          As-you-like-it chopped salad        
",/recipes/3028675/asyoulikeit-chopped-salad
"

          Herb & Parmesan risotto        
",/recipes/7716/herb-and-parmesan-risotto
"

          Pumpkin biryani        
",/recipes/1852641/pumpkin-biryani
"

          Rabbit cacciatore        
",/recipes/778657/rabbit-cacciatore
"

          Roasted stone fruits        
",/recipes/2358648/roasted-stone-fruits
"

          Homemade burgers with sweet potato wedges        
",/recipes/2249657/homemade-burgers-with-sweet-potato-wedges
"

          Lemony potato gratin        
",/recipes/lemony-potato-gratin
"

          Baked fennel pork with lemony potatoes & onions        
",/recipes/1755648/baked-fennel-pork-with-lemony-potatoes-and-onions
"

          Loin of lamb with baba ganoush        
",/recipes/2097/loin-of-lamb-with-baba-ganoush
"

          New potatoes with lemon & chive butter        
",/recipes/7062/new-potatoes-with-lemon-and-chive-butter
"

          'Panforte' pies        
",/recipes/panforte-pies
"

          Herby corn off the cobs in brown butter sauce        
",/recipes/herby-corn-cobs-brown-butter-sauce
"

          Tex-Mex burger        
",/recipes/2323635/texmex-burger
"

          Tomato soup with cheese & Marmite twists        
",/recipes/12462/tomato-soup-with-cheese-and-marmite-twists
"

          Favourite pasta salad        
",/recipes/749636/favourite-pasta-salad
"

          Mustard champ        
",/recipes/5531/mustard-champ
"

          Pistachio ice cream        
",/recipe/pistachio-ice-cream-1
"

          Herbed pork fillet with roast vegetables        
",/recipes/1271/herbed-pork-fillet-with-roast-vegetables
"

          Banana yogurt pots        
",/recipes/2219/banana-yogurt-pots
"

          Crunchy red cabbage slaw        
",/recipes/crunchy-red-cabbage-slaw
"

          Spice-crusted tofu with kumquat radish salad        
",/recipes/spice-crusted-tofu-kumquat-radish-salad
"

          Pea, feta & quinoa spring rolls with roast tomato nam prik        
",/recipes/2137647/pea-feta-and-quinoa-spring-rolls-with-roast-tomato
"

          Turkish lamb pilau        
",/recipes/1944/turkish-lamb-pilau
"

          French bread sauce        
",/recipes/1208/french-bread-sauce
"

          Chilli beef shepherd's pie        
",/recipes/8096/chilli-beef-shepherds-pie
"

          Clementine custard        
",/recipes/1826673/clementine-custard
"

          Prawn & broccoli Asian omelette        
",/recipes/1506635/prawn-and-broccoli-asian-omelette
"

          Spicy spaghetti with garlic mushrooms        
",/recipes/5603/spicy-spaghetti-with-garlic-mushrooms
"

          Roast winter veg with fondue sauce        
",/recipes/1689/roast-winter-veg-with-fondue-sauce
"

          Mixed bean & wild rice salad        
",/recipes/2196657/mixed-bean-and-wild-rice-salad
"

          Sprouts with sticky shallots        
",/recipes/1789642/sprouts-with-sticky-shallots
"

          Simple sushi        
",/recipes/simple-sushi
"

          Egg & veggie pittas        
",/recipes/egg-veggie-pittas
"

          Peach Melba knickerbocker glory        
",/recipes/681680/peach-melba-knickerbocker-glory
"

          Beetroot, bacon, cranberry & grain salad        
",/recipes/beetroot-bacon-cranberry-grain-salad
"

          Spiced flat breads        
",/recipes/2188/spiced-flat-breads
"

          Bacon & mushroom pasta        
",/recipes/2329/bacon-and-mushroom-pasta
"

          French toast stuffed with banana & maple syrup        
",/recipes/2552639/french-toast-stuffed-with-banana-and-maple-syrup
"

          Sweet potato & chicken curry        
",/recipes/313610/sweet-potato-and-chicken-curry
"

          Redcurrant sorbet        
",/recipes/2206/redcurrant-sorbet
"

          Pork Milanese with spaghetti        
",/recipes/1570647/pork-milanese-with-spaghetti
"

          Aubergine & houmous grills        
",/recipes/4016/aubergine-and-houmous-grills
"

          Quick prawn, coconut & tomato curry        
",/recipes/1813678/quick-prawn-coconut-and-tomato-curry
"

          Chicken pilaf with dill & pine nuts        
",/recipes/848635/chicken-pilaf-with-dill-and-pine-nuts
"

          Hot smoked salmon & dill spaghetti        
",/recipes/1346/hot-smoked-salmon-and-dill-spaghetti
"

          Stuffed baked trout        
",/recipes/269620/stuffed-baked-trout
"

          Blackened salmon fajitas        
",/recipes/blackened-salmon-fajitas
"

          Savoury Parmesan tartlets        
",/recipes/1161634/savoury-parmesan-tartlets
"

          Squash, mushroom & gorgonzola pilaf        
",/recipes/squash-mushroom-gorgonzola-pilaf
"

          Ultimate risotto primavera        
",/recipes/1956/ultimate-risotto-primavera
"

          Pancetta & pepper piperade        
",/recipes/pancetta-pepper-piperade
"

          Teriyaki mackerel with tangy cucumber salad        
",/recipes/12138/teriyaki-mackerel-with-tangy-cucumber-salad
"

          Couscous with pine nuts, coriander & raisins        
",/recipes/1363663/couscous-with-pine-nuts-coriander-and-raisins
"

          Apple & blackberry Charlotte        
",/recipes/749641/apple-and-blackberry-charlotte
"

          Moroccan spiced cauliflower & almond soup        
",/recipes/1841660/moroccan-spiced-cauliflower-and-almond-soup
"

          Roast beef Yorkies        
",/recipes/roast-beef-yorkies
"

          Roast guinea fowl with chestnut, sage & lemon stuffing         
",/recipes/2807666/roast-guinea-fowl-with-chestnut-sage-and-lemon-stu
"

          Peach Melba squares        
",/recipes/11266/peach-melba-squares
"

          Choc-orange hot chocolate        
",/recipes/choc-orange-hot-chocolate
"

          Spicy Sichuan-style prawns        
",/recipes/spicy-sichuan-style-prawns
"

          King prawns in saffron almond sauce        
",/recipes/1298/king-prawns-in-saffron-almond-sauce
"

          Squash & sage pithivier        
",/recipes/893657/squash-and-sage-pithivier
"

          Warm salad of spring vegetables with griddled lamb        
",/recipes/5926/warm-salad-of-spring-vegetables-with-griddled-lamb
"

          Gooseberry flapjack crumble        
",/recipe/gooseberry-flapjack-crumble
"

          Speedy sweet potato soup with coconut        
",/recipes/5898/speedy-sweet-potato-soup-with-coconut
"

          Pigeon pies with bramble gravy        
",/recipes/pigeon-pies-bramble-gravy
"

          Homemade gravy        
",/recipes/2831667/homemade-gravy
"

          Spanish tomato bread with jamon serrano        
",/recipes/1175/spanish-tomato-bread-with-jamon-serrano
"

          Winter apple & squash panzanella        
",/recipes/winter-apple-squash-panzanella
"

          Bay scented prawns with basil mayonnaise        
",/recipes/2979/bay-scented-prawns-with-basil-mayonnaise
"

          Eclairs        
",/recipes/eclairs
"

          Giant scone cake        
",/recipes/wimbledon-tea-cake
"

          Rack of lamb with warm salad of mixed beans & slow-roast tomatoes        
",/recipes/711659/rack-of-lamb-with-warm-salad-of-mixed-beans-and-sl
"

          White chocolate, raspberry & hazelnut marble torte        
",/recipes/5893/white-chocolate-raspberry-and-hazelnut-marble-tort
"

          Sausage casserole with instant garlic bread        
",/recipes/2040640/sausage-casserole-with-instant-garlic-bread
"

          Microwave butternut squash risotto        
",/recipes/3005/microwave-butternut-squash-risotto
"

          Real chicken nuggets with smoky BBQ sauce        
",/recipes/2411648/real-chicken-nuggets-with-smoky-bbq-sauce
"

          Black bean beef meatballs with stir-fried noodles        
",/recipes/2953683/black-bean-beef-meatballs-with-stirfried-noodles
"

          Smoky hake, beans & greens        
",/recipes/smoky-hake-beans-greens
"

          Eyeball snot-tail        
",/recipes/eyeball-snot-tail
"

          Braised cod with butter beans & mint        
",/recipes/3490/braised-cod-with-butter-beans-and-mint
"

          Squash & chorizo pot pies        
",/recipes/squash-chorizo-pot-pies
"

          Summer traybake chicken        
",/recipes/2495/summer-traybake-chicken
"

          Christmas poussin        
",/recipes/5028/christmas-poussin
"

          Rarebit toasts        
",/recipes/13371/rarebit-toasts
"

          Teriyaki tuna skewers        
",/recipes/4952/teriyaki-tuna-skewers
"

          Coriander cod with carrot pilaf        
",/recipes/5074/coriander-cod-with-carrot-pilaf
"

          Easy huevos rancheros        
",/recipes/easy-huevos-rancheros
"

          Mini Swedish meatballs with cranberry sauce        
",/recipes/633635/mini-swedish-meatballs-with-cranberry-sauce
"

          Roasted cauliflower with spring veg & barley salad        
",/recipes/roasted-cauliflower-spring-veg-barley-salad
"

          Pollock with parsley sauce & crisp bacon        
",/recipes/335621/pollack-with-parsley-sauce-and-crisp-bacon
"

          Seared salmon with heather honey dressing        
",/recipes/1673/seared-salmon-with-heather-honey-dressing
"

          Candied citrus peel        
",/recipes/candied-citrus-peel
"

          Vodka flamed chorizo        
",/recipes/1178/vodka-flamed-chorizo
"

          Raspberry sangrillinis        
",/recipes/raspberry-sangrillinis
"

          Mexican rice & bean salad        
",/recipes/1897721/mexican-rice-and-bean-salad
"

          Beef fillet with beetroot & horseradish        
",/recipes/1805/beef-fillet-with-beetroot-and-horseradish
"

          Little Gem cups with prawn & mango salsa        
",/recipes/2684/little-gem-cups-with-prawn-and-mango-salsa
"

          Sea salt water biscuits        
",/recipes/7724/sea-salt-water-biscuits
"

          BBQ chicken with corn rice        
",/recipes/764652/bbq-chicken-with-corn-rice
"

          Italian sausage polpettina & macaroni bake        
",/recipes/12346/italian-sausage-polpettina-and-macaroni-bake
"

          Asparagus & Parmesan pastries        
",/recipes/6671/asparagus-and-parmesan-pastries
"

          Cheesecake bombe with summer fruits        
",/recipes/1981/cheesecake-bombe-with-summer-fruits
"

          Lamb & chickpea fritter wraps        
",/recipes/lamb-chickpea-fritter-wraps
"

          Potato scones        
",/recipes/237606/potato-scones
"

          Sweet potato & goat's cheese ravioli        
",/recipes/847647/sweet-potato-and-goats-cheese-ravioli
"

          Italian sausage & chestnut pasta        
",/recipes/italian-sausage-chestnut-pasta
"

          Soy & ginger salmon with soba noodles        
",/recipes/2053645/soy-and-ginger-salmon-with-soba-noodles
"

          Coconut & lime fish        
",/recipes/coconut-lime-fish
"

          Nutty caramel & choc sundaes        
",/recipes/2249653/nutty-caramel-and-choc-sundaes
"

          Apple crunch        
",/recipes/apple-crunch
"

          Chicken, bacon & watercress baguettes        
",/recipes/468663/chicken-bacon-and-watercress-baguettes
"

          Coronation pies        
",/recipes/1162670/coronation-pies
"

          Baked potato with cheesy mince        
",/recipes/1254/baked-potato-with-cheesy-mince
"

          Light Thai green curry        
",/recipes/light-thai-green-curry
"

          Gingery plum cake        
",/recipes/gingery-plum-cake
"

          Spaghetti with pea & mint pesto        
",/recipes/2344/spaghetti-with-pea-and-mint-pesto
"

          Thai beef curry        
",/recipes/1977653/thai-beef-curry
"

          Nutty cinnamon & yogurt dipper        
",/recipes/nutty-cinnamon-yogurt-dipper
"

          Brussels with hazelnut & orange butter        
",/recipes/2171/brussels-with-hazelnut-and-orange-butter
"

          Korean rice pot        
",/recipes/1813659/korean-rice-pot
"

          Apple muffins with pecan topping        
",/recipes/3177/apple-muffins-with-pecan-topping
"

          Autumn vegetable soup with cheesy toasts        
",/recipes/1032/autumn-vegetable-soup-with-cheesy-toasts
"

          Super steak with cheat's Bearnaise        
",/recipes/3247/super-steak-with-cheats-bearnaise
"

          Blueberry & pecan oaties        
",/recipes/8781/blueberry-and-pecan-oaties
"

          Halloumi, watermelon & mint salad        
",/recipes/6344/halloumi-watermelon-and-mint-salad
"

          Pear, chicory & blue cheese salad        
",/recipes/786664/pear-chicory-and-blue-cheese-salad
"

          Spiced pork with heaps of stir-fried greens        
",/recipes/1376/spiced-pork-with-heaps-of-stirfried-greens
"

          Festive fondant fancies        
",/recipes/995638/festive-fondant-fancies
"

          Floating islands with caramel sauce        
",/recipes/floating-islands-caramel-sauce
"

          5-a-day couscous        
",/recipes/5-day-couscous
"

          Marinated barbecue lamb with shallot marmalade, served with griddled vegetables        
",/recipes/2224/marinated-barbecue-lamb-with-shallot-marmalade-ser
"

          Warm roast asparagus salad        
",/recipes/3169/warm-roast-asparagus-salad
"

          White chocolate pretzel bites        
",/recipes/2806666/white-chocolate-pretzel-bites
"

          Cheesy sausage rolls        
",/recipes/2604648/cheesy-sausage-rolls
"

          Blackcurrant & mint sorbet        
",/recipes/3108/blackcurrant-and-mint-sorbet
"

          Lamb, black pudding & mustard hotpot        
",/recipes/1663/lamb-black-pudding-and-mustard-hotpot
"

          Spotted Dick        
",/recipes/2686661/spotted-dick
"

          BBQ pulled pork sandwich        
",/recipes/2252641/bbq-pulled-pork-sandwich
"

          Mini panettone        
",/recipes/863653/mini-panettone
"

          Microwave peanut butter & jam brownies        
",/recipes/microwave-peanut-butter-and-jam-brownies
"

          Sticky orange chicken with parsnips, maple & pecans        
",/recipes/sticky-orange-chicken-parsnips-maple-pecans
"

          Lentil, walnut & apple salad with blue cheese        
",/recipes/3028690/lentil-walnut-and-apple-salad-with-blue-cheese
"

          Honey, parsnip & coconut cake        
",/recipes/honey-parsnip-coconut-cake
"

          Freeze-ahead chocolate & chestnut parfait        
",/recipes/freeze-ahead-chocolate-chestnut-parfait
"

          Classic roast goose with cider gravy        
",/recipes/8764/classic-roast-goose-with-cider-gravy
"

          Baked lemon sole with lemon & caper paste        
",/recipes/baked-lemon-sole-lemon-caper-paste
"

          Cajun grilled halloumi with lime black-eyed bean salad & guacamole        
",/recipes/cajun-grilled-halloumi-lime-black-eyed-bean-salad-guacamole
"

          Herbed lamb cutlets with roasted vegetables        
",/recipes/2220661/herbed-lamb-cutlets-with-roasted-vegetables
"

          Cauliflower rice        
",/recipes/cauliflower-rice
"

          Spring chicken in a pot        
",/recipes/10052/spring-chicken-in-a-pot
"

          Greek-style roast fish        
",/recipes/greek-style-roast-fish
"

          Smashed rosemary potatoes        
",/recipes/1369643/smashed-rosemary-potatoes
"

          Hot-smoked salmon, lentil & pomegranate salad        
",/recipes/408652/hotsmoked-salmon-lentil-and-pomegranate-salad
"

          Passion fruit trifle        
",/recipes/2811/passion-fruit-trifle
"

          Bresaola with rocket & artichokes        
",/recipes/1634/bresaola-with-rocket-and-artichokes
"

          Barbecued prawns with chilli, lime & coriander butter        
",/recipes/2257641/barbecued-prawns-with-chilli-lime-and-coriander-bu
"

          Shanghai-style braised pork        
",/recipes/1371/shanghaistyle-braised-pork
"

          Wild garlic chicken Kiev        
",/recipes/wild-garlic-chicken-kiev
"

          Spiced maple & pecan cheesecake bars        
",/recipes/spiced-maple-pecan-cheesecake-bars
"

          Lemony prawn & pea pressure cooker risotto        
",/recipes/lemony-prawn-pea-pressure-cooker-risotto
"

          Scandi salmon pie        
",/recipes/scandi-salmon-pie
"

          Smoked trout salad with fennel, apple & beetroot        
",/recipes/2053638/smoked-trout-salad-with-fennel-apple-and-beetroot
"

          Char sui puffs        
",/recipes/char-sui-puffs
"

          Buttery roast thyme potatoes        
",/recipes/2373/buttery-roast-thyme-potatoes
"

          Fiery prawn skewers        
",/recipes/11746/fiery-prawn-skewers
"

          Chicken & almond pastillas        
",/recipes/2955687/chicken-and-almond-pastillas
"

          Sausages with winter veg mash        
",/recipes/5077/sausages-with-winter-veg-mash
"

          Ultimate French omelette        
",/recipes/1669/ultimate-french-omelette
"

          Aubergine & chickpea curry        
",/recipes/681678/aubergine-and-chickpea-curry
"

          Fruity lamb kebabs with chilli mayo        
",/recipes/1508654/fruity-lamb-kebabs-with-chilli-mayo
"

          Ginger cookie sandwiches with lemon mascarpone        
",/recipes/ginger-cookie-sandwiches-lemon-mascarpone
"

          Roast Parmesan parsnips        
",/recipes/1789644/roast-parmesan-parsnips
"

          Lamb with Christmas spices        
",/recipes/13384/lamb-with-christmas-spices
"

          Slow-roast chicken with homemade gravy        
",/recipes/358606/slowroast-chicken-with-homemade-gravy
"

          Ultimate quiche Lorraine        
",/recipes/2868/ultimate-quiche-lorraine
"

          Charred aubergine salad with sugar-spice onions        
",/recipes/charred-aubergine-salad-sugar-spice-onions
"

          Sticky banana waffles        
",/recipes/3131/sticky-banana-waffles
"

          Fillet of beef with mixed peppercorn sauce        
",/recipes/2904/fillet-of-beef-with-mixed-peppercorn-sauce
"

          Spiced parsnip bubble & squeak        
",/recipes/5051/spiced-parsnip-bubble-and-squeak
"

          Pork & noodle pan-fry with sweet & spicy sauce        
",/recipes/1230/pork-and-noodle-panfry-with-sweet-and-spicy-sauce
"

          Tomato passata        
",/recipes/2536638/tomato-passata
"

          Quinoa stew with squash, prunes & pomegranate        
",/recipes/2538641/quinoa-stew-with-squash-prunes-and-pomegranate
"

          Griddled pear & blue cheese salad        
",/recipes/2536653/griddled-pear-and-blue-cheese-salad
"

          Apple pie cookie kit        
",/recipes/apple-pie-cookie-kit
"

          Fruitcake with cheese & apples        
",/recipes/fruitcake-cheese-apples
"

          Coffee & walnut flapjacks        
",/recipes/coffe-and-walnut-flapjacks
"

          Feelgood flapjacks        
",/recipes/3028699/feelgood-flapjacks
"

          Lemon sorbet        
",/recipes/lemon-sorbet
"

          Ginger beer chicken & ribs        
",/recipes/ginger-beer-chicken-ribs
"

          Best Yorkshire puddings        
",/recipes/9020/best-yorkshire-puddings
"

          Daube of pork        
",/recipes/1778/daube-of-pork
"

          Miso-roasted aubergine steaks with sweet potato        
",/recipes/miso-roasted-aubergine-steaks-sweet-potato
"

          Roast pepper pesto with pasta        
",/recipes/roast-pepper-pesto-pasta
"

          Garden tomato salad        
",/recipes/garden-tomato-salad
"

          Cheese & pepper pitta pocket        
",/recipes/1427/cheese-and-pepper-pitta-pocket
"

          Beef Wellington         
",/recipes/2793662/beef-wellington-
"

          Chicken stir-fry in 4 easy steps        
",/recipes/5140/chicken-stirfry-in-4-easy-steps
"

          Italian chicken with ham, basil & beans        
",/recipes/4754/italian-chicken-with-ham-basil-and-beans
"

          Melty ploughman's s'mores        
",/recipes/melty-ploughmans-smores
"

          Chocolate fudge Easter cakes        
",/recipes/3481/chocolate-fudge-easter-cakes
"

          Orange, fennel & rocket salad        
",/recipes/orange-fennel-rocket-salad
"

          Spiced home-cured salmon        
",/recipes/887641/spiced-homecured-salmon
"

          Prawn & avocado pasta salad        
",/recipes/2211/prawn-and-avocado-pasta-salad
"

          Pork, fennel & chilli meatballs        
",/recipes/2534654/pork-fennel-and-chilli-meatballs
"

          Almond & honey pastries with orange cream        
",/recipes/1108650/almond-and-honey-pastries-with-orange-cream
"

          Summer salad bowl        
",/recipes/2541/summer-salad-bowl
"

          Crispy sesame fish        
",/recipes/2019/crispy-sesame-fish
"

          Ham & horseradish salad        
",/recipes/2359/ham-and-horseradish-salad
"

          Clementine pork steaks        
",/recipes/5070/clementine-pork-steaks
"

          Cherry chocolate terrine        
",/recipes/1800/cherry-chocolate-terrine
"

          Kipper fish cakes with watercress mayo        
",/recipe/kipper-fish-cakes-watercress-mayo
"

          Chicken & chorizo pie        
",/recipes/chicken-chorizo-pie
"

          Duck with oriental passion fruit & orange sauce        
",/recipes/3267/duck-with-oriental-passion-fruit-and-orange-sauce
"

          Caramelised shallots        
",/recipes/1132633/caramelised-shallots
"

          Sausage & egg baps with spicy tomato sauce        
",/recipes/2220654/sausage-and-egg-baps-with-spicy-tomato-sauce
"

          Lamb & apricot stew        
",/recipes/1813677/lamb-and-apricot-stew
"

          Courgette & orange cake with cream cheese frosting        
",/recipes/courgette-orange-cake-cream-cheese-frosting
"

          Chocolate amaretti puddings        
",/recipes/3202/chocolate-amaretti-puddings
"

          Best of British burgers with triple-cooked chips        
",/recipes/3087676/best-of-british-burgers-with-triplecooked-chips
"

          Honey-mustard steamed green medley        
",/recipes/2751669/honeymustard-steamed-green-medley
"

          Tomato & courgette risotto        
",/recipes/tomato-courgette-risotto
"

          Melting snowman biscuits        
",/recipes/melting-snowmen
"

          Mushroom & rice one-pot        
",/recipes/9795/mushroom-and-rice-onepot
"

          Bellini        
",/recipes/bellini
"

          Slow-roast shoulder of pork        
",/recipes/845639/slowroast-shoulder-of-pork
"

          Chilli pork spare ribs        
",/recipes/chilli-pork-spare-ribs
"

          Flavoured syrup        
",/recipes/3104/flavoured-syrup
"

          Savoury party bites        
",/recipes/78605/savoury-party-bites
"

          Roast chicken garden salad        
",/recipes/2415645/roast-chicken-garden-salad
"

          Doughnut dough        
",/recipes/doughnut-dough
"

          Gordon's chocolate velvet        
",/recipes/2579/gordons-chocolate-velvet
"

          Tender-stem broccoli with sesame        
",/recipes/2875/tenderstem-broccoli-with-sesame
"

          Moroccan orange & cardamom cake        
",/recipes/moroccan-orange-cardamom-cake
"

          Roasties with garlic & chives         
",/recipes/2356/roasties-with-garlic-and-chives-
"

          Potato, spring onion, dill & cheese frittata        
",/recipes/11682/potato-spring-onion-dill-and-cheese-frittata
"

          Gingery Christmas cake        
",/recipes/4825/gingery-christmas-cake
"

          Strawberry & white balsamic ice cream        
",/recipes/strawberry-white-balsamic-ice-cream
"

          Vegetarian club        
",/recipes/2555/vegetarian-club
"

          Crispy chicken with pancetta & butter beans        
",/recipes/5543/crispy-chicken-with-pancetta-and-butter-beans
"

          Gingerbread trees        
",/recipes/3000/gingerbread-trees
"

          Turkey minestrone        
",/recipes/turkey-minestrone
"

          Potted fresh & smoked salmon        
",/recipes/1975/potted-fresh-and-smoked-salmon
"

          Harissa chicken traybake        
",/recipes/harissa-chicken-traybake
"

          Streaky stuffing parcels        
",/recipes/1837658/streaky-stuffing-parcels
"

          Golden couscous with apricots & crispy onions        
",/recipes/2837667/golden-couscous-with-apricots-and-crispy-onions
"

          Vanilla yogurt ice with honeyed pink grapefruit        
",/recipes/7601/vanilla-yogurt-ice-with-honeyed-pink-grapefruit
"

          Easy paella        
",/recipes/764637/easy-paella
"

          Maple-mustard pulled pork        
",/recipes/2604650/maplemustard-pulled-pork
"

          Simple squash & lime pickle curry        
",/recipes/1109/simple-squash-and-lime-pickle-curry
"

          Italian meatballs with orzo        
",/recipes/italian-meatballs-orzo
"

          Grilled fish with new potato, red pepper & olive salad        
",/recipes/487632/grilled-fish-with-new-potato-red-pepper-and-olive-
"

          Herby almond plaice parcels        
",/recipes/2106/herby-almond-plaice-parcels
"

          Quick lamb biryani        
",/recipes/4815/quick-lamb-biryani
"

          Truffled parsnip & Parmesan bruschetta        
",/recipes/72603/truffled-parsnip-and-parmesan-bruschetta
"

          Spicy roasted parsnip soup        
",/recipes/3198/spicy-roasted-parsnip-soup
"

          Custard & nutmeg tart        
",/recipes/custard-nutmeg-tart
"

          Tofu, butternut & mango curry        
",/recipes/tofu-butternut-mango-curry
"

          Ricotta, tomato & spinach frittata        
",/recipes/1162645/ricotta-tomato-and-spinach-frittata
"

          Orange, fennel & wild rice salad        
",/recipes/orange-fennel-wild-rice-salad
"

          Naan dippers with fresh mint & coriander raita        
",/recipes/1383/naan-dippers-with-fresh-mint-and-coriander-raita
"

          Black beans & rice        
",/recipes/black-beans-rice
"

          Seasoned beansprouts        
",/recipes/seasoned-beansprouts
"

          Spanish chicken with chorizo, potatoes & chickpeas        
",/recipes/spanish-chicken-chorizo-potatoes-chickpeas
"

          Roasted salmon        
",/recipes/408631/roasted-salmon
"

          Stuffed mussels        
",/recipes/335623/stuffed-mussels
"

          Coconut & banana smoothie        
",/recipes/immune-boosting-smoothie
"

          Romano peppers stuffed with paneer & peas        
",/recipes/1263693/romano-peppers-stuffed-with-paneer-and-peas
"

          Winter root mash with buttery crumbs        
",/recipes/2170/winter-root-mash-with-buttery-crumbs
"

          BBQ drumsticks with slaw        
",/recipes/1363638/bbq-drumsticks-with-slaw
"

          One-pan prawn & tomato curry        
",/recipes/420632/onepan-prawn-and-tomato-curry
"

          Chicken & avocado salad with blueberry balsamic dressing        
",/recipes/chicken-avocado-salad-blueberry-balsamic-dressing
"

          Gino's spicy aperitivo        
",/recipes/1130/ginos-spicy-aperitivo
"

          Chilli burger with roasted tomatoes & red onion relish        
",/recipes/2665/chilli-burger-with-roasted-tomatoes-and-red-onion-
"

          Quinoa with stir-fried winter veg        
",/recipes/9024/quinoa-with-stirfried-winter-veg
"

          Summer baked plaice        
",/recipes/summer-baked-plaice
"

          Classic kedgeree        
",/recipes/1022640/classic-kedgeree
"

          Chickpea & spinach chapatis        
",/recipes/7714/chickpea-and-spinach-chapatis
"

          Apple rose tart        
",/recipes/apple-rose-tart
"

          Whiskey marmalade        
",/recipes/5206/whiskey-marmalade
"

          Cinnamon pecan sticky buns        
",/recipes/5094/cinnamon-pecan-sticky-buns
"

          Sausage, fennel & rocket fusilli        
",/recipes/2358637/sausage-fennel-and-rocket-fusilli
"

          Sugar-dusted snowflake cake        
",/recipes/889658/sugardusted-snowflake-cake
"

          Pea, ham hock & watercress salad        
",/recipes/3084678/pea-ham-hock-and-watercress-salad
"

          Horseradish chicken tartlets        
",/recipes/2891/horseradish-chicken-tartlets
"

          Rosemary & lemon roast chicken        
",/recipes/1109634/rosemary-and-lemon-roast-chicken
"

          Caramelised passion fruit & lime tart        
",/recipes/3441/caramelised-passion-fruit-and-lime-tart
"

          Low-fat roasties        
",/recipes/1567/lowfat-roasties
"

          Simnel tart        
",/recipes/3601/simnel-tart
"

          Christmas spiced red cabbage        
",/recipes/4964/christmas-spiced-red-cabbage
"

          Fruitburst muffins        
",/recipes/1273/fruitburst-muffins
"

          Rainbow cake        
",/recipes/3028705/rainbow-cake
"

          Winter vegetable curry with fruity raita        
",/recipes/winter-vegetable-curry-fruity-raita
"

          Lemon potted crab        
",/recipes/2417/lemon-potted-crab
"

          Country terrine with black pepper & thyme        
",/recipes/9095/country-terrine-with-black-pepper-and-thyme
"

          Blackberry & apple mallow traybake        
",/recipes/blackberry-apple-mallow-traybake
"

          Rhubarb & orange cake        
",/recipes/3087680/rhubarb-and-orange-cake
"

          Roasted sirloin of beef with salsa verde        
",/recipes/1260644/roasted-sirloin-of-beef-with-salsa-verde
"

          Sweet peach trifles        
",/recipes/2844/sweet-peach-trifles
"

          Fish finger tacos        
",/recipes/fish-finger-tacos
"

          Grilled summer berry pudding        
",/recipes/3079/grilled-summer-berry-pudding
"

          Homemade raspberry jam        
",/recipes/1511719/homemade-raspberry-jam
"

          Moroccan chickpea soup        
",/recipes/moroccan-chickpea-soup
"

          Slow-roast rolled pork belly         
",/recipes/775672/slowroast-rolled-pork-belly-
"

          Homemade crumpets with burnt honey butter        
",/recipes/homemade-crumpets-burnt-honey-butter
"

          Spanish chicken pie        
",/recipes/9974/spanish-chicken-pie
"

          Violet creams        
",/recipes/violet-creams
"

          Moroccan-style chicken stew        
",/recipes/1572645/moroccanstyle-chicken-stew
"

          Spicy apple crumble        
",/recipes/359606/spicy-apple-crumble
"

          Cheesy baked courgettes        
",/recipes/531641/cheesy-baked-courgettes
"

          Snowball truffles        
",/recipes/4940/snowball-truffles
"

          Mincemeat & pecan palmiers        
",/recipes/2966/mincemeat-and-pecan-palmiers
"

          Chicken wings with cumin, lemon & garlic        
",/recipes/634633/chicken-wings-with-cumin-lemon-and-garlic
"

          Banana custard tarts        
",/recipes/3433/banana-custard-tarts
"

          Baked chicory with chicken in a sage & mustard sauce        
",/recipes/1466/baked-chicory-with-chicken-in-a-sage-and-mustard-s
"

          Stir-fried broccoli with coconut        
",/recipes/1852642/stirfried-broccoli-with-coconut
"

          Chipolata & spring onion frittata        
",/recipes/2468/chipolata-and-spring-onion-frittata
"

          Apple & ginger pie with walnut pastry        
",/recipes/3019688/apple-and-ginger-pie-with-walnut-pastry
"

          Spiced lamb chops & herb salad        
",/recipes/spiced-lamb-chops-herb-salad
"

          Aubergine melts        
",/recipes/2213/aubergine-melts
"

          Simple salmon with spring pasta        
",/recipes/simple-salmon-spring-pasta
"

          Double chocolate Easter egg cheesecake        
",/recipes/double-chocolate-easter-egg-cheesecake
"

          Cheese & chilli melts        
",/recipes/11220/cheese-and-chilli-melts
"

          Easy cherry compote        
",/recipes/10877/easy-cherry-compote
"

          Chicken & leek pies        
",/recipes/775634/chicken-and-leek-pies
"

          Plum & almond pastry        
",/recipes/2358660/plum-and-almond-pastry
"

          Chicken enchiladas with red mole sauce        
",/recipes/1655/chicken-enchiladas-with-red-mole-sauce
"

          Smoked haddock, spring onion & saffron tart        
",/recipes/691648/smoked-haddock-spring-onion-and-saffron-tart
"

          Cream of garlic & saffron soup        
",/recipes/3242/cream-of-garlic-and-saffron-soup
"

          Baked sweet potatoes with lentils & red cabbage slaw        
",/recipes/baked-sweet-potatoes-lentils-reed-cabbage-slaw
"

          Toasted banana bread with vanilla ricotta & raspberries        
",/recipes/toasted-banana-bread-vanilla-ricotta-raspberries
"

          Creamy goat's cheese with chive & pomegranate        
",/recipes/251623/creamy-goats-cheese-with-chive-and-pomegranate
"

          Unbelievably easy mince pies        
",/recipes/2174/unbelievably-easy-mince-pies
"

          Good-for-you granola        
",/recipes/1590/goodforyou-granola
"

          Sticky citrus chicken with griddled avocado & beet salad        
",/recipes/sticky-citrus-chicken-griddled-avocado-beet-salad
"

          Spiced fig, coffee & hazelnut cake        
",/recipes/spiced-fig-coffee-hazelnut-cake
"

          Dolcelatte-stuffed figs        
",/recipes/864649/dolcelattestuffed-figs
"

          Blueberry &  lemon friands        
",/recipes/2114/blueberry-and-lemon-friands
"

          Honey & vanilla madeleines        
",/recipes/1369638/honey-and-vanilla-madeleines
"

          Zingy blackberry lemonade        
",/recipes/zingy-blackberry-lemonade
"

          Nutty blueberry muffins        
",/recipes/nutty-blueberry-muffins
"

          Sticky ginger lemon drizzle cake        
",/recipes/2601638/sticky-ginger-lemon-drizzle-cake
"

          Harissa-spiced chicken with bulghar wheat        
",/recipes/3465/harissaspiced-chicken-with-bulghar-wheat
"

          Italian chicken & butternut pie        
",/recipes/1038/italian-chicken-and-butternut-pie
"

          Marinated lamb steaks with paprika roast tomatoes & butterbean smash        
",/recipes/3120/marinated-lamb-steaks-with-paprika-roast-tomatoes-
"

          Lemon-scented fish & chips        
",/recipes/2320656/lemonscented-fish-and-chips
"

          Philly-style cheese dogs        
",/recipes/philly-style-cheese-dogs
"

          Ultimate Gratin Dauphinois        
",/recipes/3253/ultimate-gratin-dauphinois
"

          Apricot & orange rice pudding        
",/recipes/1589/apricot-and-orange-rice-pudding
"

          Lighter South Indian fish curry        
",/recipes/lighter-south-indian-fish-curry
"

          Dazzling beetroot-cured salmon        
",/recipes/2725/dazzling-beetrootcured-salmon
"

          Brussels with chestnuts & sage        
",/recipes/1837648/brussels-with-chestnuts-and-sage
"

          Warm chickpea salad        
",/recipes/1804/warm-chickpea-salad
"

          Baked cheese with herbs        
",/recipes/2074/baked-cheese-with-herbs
"

          Orange drizzle cake        
",/recipes/6607/orange-drizzle-cake
"

          Grilled herrings with mustard & basil dressing        
",/recipes/2826/grilled-herrings-with-mustard-and-basil-dressing
"

          Sausage & pancetta skewers        
",/recipes/sausage-pancetta-skewers
"

          Squash & bean enchiladas        
",/recipes/squash-bean-enchiladas
"

          Beef strips with crunchy Thai salad        
",/recipes/4417/beef-strips-with-crunchy-thai-salad
"

          10-minute couscous salad        
",/recipes/11690/10minute-couscous-salad
"

          Crispy chilli beef        
",/recipes/2852672/crispy-chilli-beef
"

          Beetroot houmous        
",/recipes/1577643/beetroot-houmous
"

          Baked turkey meatballs with broccoli & crispy potatoes        
",/recipes/1898647/baked-turkey-meatballs-with-broccoli-and-crispy-po
"

          Chocolate & raspberry creams        
",/recipes/12426/chocolate-and-raspberry-creams
"

          Tabbouleh        
",/recipes/12287/tabbouleh
"

          Frozen blackberry fool        
",/recipes/2415646/frozen-blackberry-fool
"

          Muddled potato & mozzarella tortilla        
",/recipes/3088/muddled-potato-and-mozzarella-tortilla
"

          Chilli bean bake with soured cream mash        
",/recipes/1167641/chilli-bean-bake-with-soured-cream-mash
"

          Cauliflower & cheese fritters with warm pepper relish        
",/recipes/1511683/cauliflower-and-cheese-fritters-with-warm-pepper-r
"

          Roast brill with puy lentils & shiitake mushrooms        
",/recipes/2618/roast-brill-with-puy-lentils-and-shiitake-mushroom
"

          Potatoes dauphinoise        
",/recipes/1096/potatoes-dauphinoise
"

          Spicy squash & apple chutney        
",/recipes/spicy-squash-apple-chutney
"

          Potatoes cooked in bay-infused milk        
",/recipes/782638/potatoes-cooked-in-bayinfused-milk
"

          Clementine possets with cranberry compote & cinnamon palmiers        
",/recipes/clementine-possets-cranberry-compote-cinnamon-palmiers
"

          Barcelona baguette        
",/recipes/barcelona-baguette
"

          Sprouts with crispy prosciutto        
",/recipes/sprouts-crispy-prosciutto
"

          Haunted graveyard cake         
",/recipes/12859/haunted-graveyard-cake-
"

          Gooseberry & orange drizzle cake        
",/recipes/2198636/gooseberry-and-orange-drizzle-cake
"

          Iced berry mousse cake        
",/recipes/408629/iced-berry-mousse-cake
"

          Creamy fish curry        
",/recipes/2953679/creamy-fish-curry
"

          Healthier risotto primavera        
",/recipes/2141652/healthier-risotto-primavera
"

          Fudgy chocolate cake        
",/recipes/2249655/fudgy-chocolate-cake
"

          Celeriac, pancetta & thyme soup        
",/recipes/2530639/celeriac-pancetta-and-thyme-soup
"

          Light-but-lovely lemon & sage roasties        
",/recipes/light-lovely-lemon-sage-roasties
"

          Mozzarella, tomato & black olive tarts        
",/recipes/3151/mozzarella-tomato-and-black-olive-tarts
"

          Lime & ginger drizzle cake        
",/recipes/1091636/lime-and-ginger-drizzle-cake
"

          Rosemary & garlic chicken        
",/recipes/3091/rosemary-and-garlic-chicken
"

          Quick roast lamb        
",/recipes/7188/quick-roast-lamb
"

          Hot Elvis toastie        
",/recipes/hot-elvis-toastie
"

          Double ginger gingerbread men        
",/recipes/68611/double-ginger-gingerbread-men
"

          Baked eggs brunch        
",/recipes/baked-eggs-brunch
"

          All-in-one fish supper        
",/recipes/all-one-fish-supper
"

          Lamb, apricot & shallot tagine        
",/recipes/lamb-apricot-shallot-tagine
"

          Mini Paris-Brest with white chocolate & crystallised fruit        
",/recipes/997641/mini-parisbrest-with-white-chocolate-and-crystalli
"

          Apricot & raspberry buckle        
",/recipes/4472/apricot-and-raspberry-buckle
"

          Chunky chips with caramelised onion & garlic        
",/recipes/5153/chunky-chips-with-caramelised-onion-and-garlic
"

          Melty cheese & potato pie        
",/recipes/melty-cheese-potato-pie
"

          Snow globe hot chocolate        
",/recipes/snow-globe-hot-chocolate
"

          Parmesan-baked ricotta with tomato, olive & basil salad        
",/recipes/12390/parmesanbaked-ricotta-with-tomato-olive-and-basil-
"

          Ham, potato & cheese stuffed loaf        
",/recipes/2066643/ham-potato-and-cheese-stuffed-loaf
"

          Merguez lamb kebabs        
",/recipe/merguez-lamb-kebabs
"

          Chicken & freekeh chopped salad with salsa verde        
",/recipes/chicken-freekeh-chopped-salad-leftover-salsa-verde
"

          Brioche breakfast bake with crispy bacon        
",/recipes/brioche-breakfast-bake-crispy-bacon
"

          Slow-roast pork rolls with apple chilli chutney        
",/recipes/335613/slowroast-pork-rolls-with-apple-chilli-chutney
"

          Cobb salad with buttermilk ranch dressing        
",/recipes/1841635/cobb-salad-with-buttermilk-ranch-dressing
"

          Cheese & spinach penne with walnut crumble        
",/recipes/2552640/cheese-and-spinach-penne-with-walnut-crumble
"

          Warm potato & rollmop salad        
",/recipes/5587/warm-potato-and-rollmop-salad
"

          Spicy pasta soup        
",/recipes/9832/spicy-pasta-soup
"

          Red wine jelly        
",/recipes/red-wine-jelly
"

          Sticky date & ginger pudding        
",/recipes/3434/sticky-date-and-ginger-pudding
"

          Open sandwiches - Smoked salmon & avocado on rye        
",/recipes/5127/open-sandwiches--smoked-salmon-and-avocado-on-rye
"

          Spiced pecans & peach fizz        
",/recipes/11248/spiced-pecans-and-peach-fizz
"

          Rhubarb ripple semi-freddo        
",/recipes/rhubarb-ripple-semi-freddo
"

          Spiced roasted apples & blackberries        
",/recipes/1985/spiced-roasted-apples-and-blackberries
"

          Chickpea & roasted pepper salad        
",/recipes/4628/chickpea-and-roasted-pepper-salad
"

          Little Louise cupcakes        
",/recipes/470638/little-louise-cupcakes
"

          Chocolate fudge icing        
",/recipes/chocolate-fudge-icing
"

          Lamb steaks with crispy potatoes & minted beans        
",/recipe/lamb-steaks-crispy-potatoes-minted-beans
"

          Springtime spaghetti & meatballs        
",/recipes/1959660/springtime-spaghetti-and-meatballs
"

          Wedding cake - zingy lemon        
",/recipes/4576/wedding-cake-zingy-lemon
"

          Roasted cauliflower with garlic, bay & lemon        
",/recipes/864645/roasted-cauliflower-with-garlic-bay-and-lemon
"

          Feed-a-crowd chunky beef chilli        
",/recipes/feed-crowd-chunky-beef-chilli
"

          Apricot & Turkish delight mess        
",/recipes/693643/apricot-and-turkish-delight-mess
"

          Asparagus & salmon supper        
",/recipes/1942/asparagus-and-salmon-supper
"

          Mixed mushroom & ham salad        
",/recipes/2753/mixed-mushroom-and-ham-salad
"

          Indian turkey with spinach & new potatoes        
",/recipes/1258/indian-turkey-with-spinach-and-new-potatoes
"

          Blueberry milkshakes        
",/recipe/blueberry-milkshakes
"

          Beetroot falafel        
",/recipes/2530641/beetroot-falafel
"

          Creamy prawn pasta        
",/recipes/4541/creamy-prawn-pasta
"

          All in-one bread sauce        
",/recipes/146618/all-inone-bread-sauce
"

          Cranberry Margarita        
",/recipes/cranberry-margarita
"

          Date & ginger malt loaf        
",/recipes/2970684/date-and-ginger-malt-loaf
"

          Chocolate pecan fondants        
",/recipes/3382/chocolate-pecan-fondants
"

          Pea pakora pockets        
",/recipes/9534/pea-pakora-pockets
"

          Tuna pasta with rocket & parsley pesto        
",/recipes/tuna-pasta-rocket-parsley-pesto
"

          Baked fish with mint & mango relish        
",/recipes/72619/baked-fish-with-mint-and-mango-relish
"

          Superfood scrambled eggs        
",/recipes/superfood-scrambled-eggs
"

          Winter vegetable pie        
",/recipes/1897697/winter-vegetable-pie
"

          Slow roast shoulder of pork        
",/recipes/166605/slow-roast-shoulder-of-pork
"

          Pitta pockets        
",/recipes/3028697/pitta-pockets
"

          Clotted cream & ginger ice cream        
",/recipes/2726/clotted-cream-and-ginger-ice-cream
"

          Hot caramel malted milk        
",/recipe/hot-caramel-malted-milk
"

          Crispy chicken        
",/recipes/3290/crispy-chicken
"

          Cranberry-pistachio brownies        
",/recipes/1879/cranberrypistachio-brownies
"

          Sticky sesame-glazed carrots        
",/recipes/333627/sticky-sesameglazed-carrots
"

          Zesty veggie noodles        
",/recipes/1434/zesty-veggie-noodles
"

          Roasted summer vegetable casserole        
",/recipes/roasted-summer-vegetable-casserole
"

          Zesty beetroot with watercress        
",/recipes/681638/zesty-beetroot-with-watercress
"

          Classic winter fruitcake        
",/recipes/4883/classic-winter-fruitcake
"

          Chickpea & coriander burgers        
",/recipes/1364634/chickpea-and-coriander-burgers
"

          Griddled aubergine salad with sultanas & pine nuts        
",/recipes/griddled-aubergine-salad-sultanas-pine-nuts
"

          Bulghar wheat, date & clementine salad        
",/recipes/2853678/bulghar-wheat-date-and-clementine-salad
"

          Mixed bean goulash        
",/recipes/2620/mixed-bean-goulash
"

          Cauliflower fritters with herby dipping sauce        
",/recipes/237608/cauliflower-fritters-with-herby-dipping-sauce
"

          Peppery kohlrabi slaw        
",/recipes/peppery-kohlrabi-slaw
"

          No-fuss fish pie        
",/recipes/no-fuss-fish-pie
"

          Stuffed butternut squash with quinoa        
",/recipes/1940678/stuffed-butternut-squash-with-quinoa
"

          Taleggio potato parcels        
",/recipes/757642/taleggio-potato-parcels
"

          Moroccan kofte with spicy tomato sauce        
",/recipes/531643/moroccan-kofte-with-spicy-tomato-sauce
"

          Parsley omelette with olive ricotta        
",/recipes/parsley-omelette-olive-ricotta
"

          Pumpkin, cranberry & red onion tagine        
",/recipes/146608/pumpkin-cranberry-and-red-onion-tagine
"

          Double choc shortbreads        
",/recipes/1128644/double-choc-shortbreads
"

          Rye bread        
",/recipes/2998681/rye-bread
"

          Quick veg & soft cheese frittata         
",/recipes/4532/quick-veg-and-soft-cheese-frittata-
"

          One-pan rogan josh        
",/recipes/9643/onepan-rogan-josh
"

          Crunchy parsley croutons        
",/recipes/2432/crunchy-parsley-croutons
"

          Lamb shoulder & smoky aubergine flatbread        
",/recipes/lamb-shoulder-smoky-aubergine-flatbread
"

          Fruity fondue        
",/recipes/1267641/fruity-fondue
"

          Cherry tomato & pancetta pizza        
",/recipes/2480/cherry-tomato-and-pancetta-pizza
"

          Chicken, carrot & avocado rolls        
",/recipes/2536644/chicken-carrot-and-avocado-rolls
"

          Prosciutto & pepper pizzas        
",/recipe/prosciutto-pepper-pizzas
"

          Sticky belly pork        
",/recipes/11226/sticky-belly-pork
"

          Squash, mushroom & sage pasta        
",/recipes/8104/squash-mushroom-and-sage-pasta
"

          Summer salmon pasta        
",/recipes/4420/summer-salmon-pasta
"

          Yogurt & ginger creams with blowtorched satsuma        
",/recipes/yogurt-ginger-creams-blowtorched-satsuma
"

          Ham, tomato & watercress tart        
",/recipes/5886/ham-tomato-and-watercress-tart
"

          Walnut & raisin oatcakes        
",/recipes/68610/walnut-and-raisin-oatcakes
"

          Fresh tomato pasta        
",/recipes/4687/fresh-tomato-pasta
"

          Mini prosciutto & asparagus frittatas        
",/recipes/1272642/mini-prosciutto-and-asparagus-frittatas
"

          Summer couscous salad        
",/recipes/2394/summer-couscous-salad
"

          Sticky duck-dogs with chopped mango slaw & Chinese crisps        
",/recipes/2972683/sticky-duckdogs-with-chopped-mango-slaw-and-chines
"

          Indian cucumber salad        
",/recipes/2762676/indian-cucumber-salad
"

          Sweet potato & chorizo quesadillas        
",/recipes/2601643/sweet-potato-and-chorizo-quesadillas
"

          Black Forest brownies        
",/recipes/black-forest-brownies
"

          Zesty roast salmon & cod        
",/recipes/1768/zesty-roast-salmon-and-cod
"

          Chocolate & ginger refrigerator squares        
",/recipes/1840641/chocolate-and-ginger-refrigerator-squares
"

          Vegetable tagine with almond & chickpea couscous        
",/recipes/4325/vegetable-tagine-with-almond-and-chickpea-couscous
"

          Chorizo rolls        
",/recipes/1511684/chorizo-rolls
"

          BBQ bacon beans        
",/recipes/1090/bbq-bacon-beans
"

          Maple plum crumble        
",/recipes/2834/maple-plum-crumble
"

          Winter Pimm's punch        
",/recipes/889647/winter-pimms-punch
"

          Salmon & watercress parcels        
",/recipes/1022636/salmon-and-watercress-parcels
"

          Layered houmous with spiced tortilla chips        
",/recipes/layered-houmous-spiced-tortilla-chips
"

          Spicy sausage goat's cheese toasts        
",/recipes/2368/spicy-sausage-goats-cheese-toasts
"

          Chocolate & berry mousse pots        
",/recipes/1508646/chocolate-and-berry-mousse-pots
"

          Flash-fried smoked salmon & egg bagel        
",/recipes/2241/flashfried-smoked-salmon-and-egg-bagel
"

          Little jam tarts        
",/recipes/1162679/little-jam-tarts
"

          Spiced & iced Christmas trees        
",/recipes/863657/spiced-and-iced-christmas-trees
"

          Sizzled sausage pasta        
",/recipes/1699/sizzled-sausage-pasta
"

          Sweet potato & rosemary soup with garlic toasts        
",/recipes/9587/sweet-potato-and-rosemary-soup-with-garlic-toasts
"

          Rosemary & garlic roast potatoes with chipolatas        
",/recipes/995643/rosemary-and-garlic-roast-potatoes-with-chipolatas
"

          Braised chicory with pan-fried home salt cod        
",/recipes/braised-chicory-pan-fried-home-salt-cod
"

          Bicerin - coffee & chocolate drink        
",/recipes/1654/bicerin--coffee-and-chocolate-drink
"

          Beetroot & squash salad with horseradish cream        
",/recipes/2762682/beetroot-and-squash-salad-with-horseradish-cream
"

          Cherry cheesecake slice         
",/recipes/4497/cherry-cheesecake-slice-
"

          Fast fish pie        
",/recipes/1767/fast-fish-pie
"

          Goat's cheese & bistro salad        
",/recipes/8011/goats-cheese-and-bistro-salad
"

          Spider web chocolate fudge muffins        
",/recipes/1474/spider-web-chocolate-fudge-muffins
"

          Chicken biryani pilau        
",/recipes/2042/chicken-biryani-pilau
"

          Crispy Greek-style pie         
",/recipes/4540/crispy-greekstyle-pie-
"

          Greek-style lamb with lemon & thyme        
",/recipes/644645/greekstyle-lamb-with-lemon-and-thyme
"

          Lazy summer pasta         
",/recipes/2117/lazy-summer-pasta-
"

          Wild mushroom tartlets        
",/recipes/4757/wild-mushroom-tartlets
"

          Spinach & walnut salad with blue cheese dressing        
",/recipes/1263680/spinach-and-walnut-salad-with-blue-cheese-dressing
"

          Fish tagine with saffron & almonds        
",/recipe/fish-tagine-saffron-almonds
"

          Homemade brie burgers        
",/recipes/1931/homemade-brie-burgers
"

          Oven-baked ratatouille & sausages        
",/recipes/oven-baked-ratatouille-sausages
"

          Melting chilli bean wraps        
",/recipes/2769/melting-chilli-bean-wraps
"

          Spiced beetroot & feta tarts with tahini-dressed leaves        
",/recipes/spiced-beetroot-feta-tarts-tahini-dressed-leaves
"

          Forager's tarts        
",/recipes/1575648/foragers-tarts
"

          Sticky citrus & mustard glazed salmon        
",/recipes/sticky-citrus-mustard-glazed-salmon
"

          Watercress soup with blue cheese & cashew pastries        
",/recipes/2953/watercress-soup-with-blue-cheese-and-cashew-pastri
"

          Easy stuffed peppers        
",/recipes/4404/easy-stuffed-peppers
"

          Red Thai salmon curry        
",/recipes/4728/red-thai-salmon-curry
"

          Squidgy chocolate pear pudding        
",/recipes/squidgy-chocolate-pear-pudding
"

          Sparkling lemon & amaretti ice        
",/recipes/2147/sparkling-lemon-and-amaretti-ice
"

          Grilled red onion & potato salad        
",/recipes/1511/grilled-red-onion-and-potato-salad
"

          Black bean soba noodles with mushrooms & cabbage        
",/recipes/143609/black-bean-soba-noodles-with-mushrooms-and-cabbage
"

          Beef & orange stir-fry        
",/recipes/beef-orange-stir-fry
"

          Easy chicken pie        
",/recipes/11191/easy-chicken-pie
"

          Wild rice with orange & fennel        
",/recipes/wild-rice-orange-fennel
"

          Confit duck        
",/recipes/13240/confit-duck
"

          Meatball gravy sub        
",/recipes/meatball-gravy-sub
"

          Steak with chimichurri sauce        
",/recipes/2195652/steak-with-chimichurri-sauce
"

          Indian butternut squash curry        
",/recipes/775642/indian-butternut-squash-curry
"

          Succulent honey & lemon chicken        
",/recipes/3233/succulent-honey-and-lemon-chicken
"

          Spinach & pea pilau        
",/recipes/3377/spinach-and-pea-pilau
"

          Miso brown rice & chicken salad        
",/recipes/666658/miso-brown-rice-and-chicken-salad
"

          No-roll chicken pastry wraps        
",/recipes/2247/noroll-chicken-pastry-wraps
"

          Jellied rhubarb & vanilla soup        
",/recipes/2955681/jellied-rhubarb-and-vanilla-soup
"

          Sea bass with fennel, lemon & spices        
",/recipes/2540643/sea-bass-with-fennel-lemon-and-spices
"

          Lemon cod with basil bean mash        
",/recipes/7189/lemon-cod-with-basil-bean-mash
"

          Spicy falafels        
",/recipes/2589/spicy-falafels
"

          Chicken with crispy Parma ham        
",/recipes/1508656/chicken-with-crispy-parma-ham
"

          Egg, beetroot & bacon salad        
",/recipes/egg-beetroot-bacon-salad
"

          Chicken katsu curry        
",/recipes/chicken-katsu-curry
"

          Spiced tortilla        
",/recipes/6664/spiced-tortilla
"

          Caesar salad burgers        
",/recipes/caesar-salad-burgers
"

          Banana ice sundaes with fudge sauce        
",/recipes/1791/banana-ice-sundaes-with-fudge-sauce
"

          Tomato & chilli harissa        
",/recipes/2415643/tomato-and-chilli-harissa
"

          Golden roasted potatoes, parsnips & garlic        
",/recipes/1916641/golden-roasted-potatoes-parsnips-and-garlic
"

          Prawn rice noodle salad        
",/recipes/4659/prawn-rice-noodle-salad
"

          Roasted autumn vegetables with Lancashire cheese        
",/recipes/1476/roasted-autumn-vegetables-with-lancashire-cheese
"

          Cape Malay chicken curry with yellow rice        
",/recipes/cape-malay-chicken-curry-yellow-rice
"

          Winter leaf, date & olive salad        
",/recipes/winter-leaf-date-olive-salad
"

          Pineapple & date relish        
",/recipes/pineapple-date-relish
"

          Stir-fried pork with ginger & honey        
",/recipes/1897693/stirfried-pork-with-ginger-and-honey
"

          Smoky corn & avocado salsa        
",/recipe/smoky-corn-avocado-salsa
"

          Rice pudding with raisin & cinnamon syrup        
",/recipes/11228/rice-pudding-with-raisin-and-cinnamon-syrup
"

          Pea falafels with minty couscous salad        
",/recipes/cassies-pea-falafels-minty-couscous-salad
"

          Easy miso        
",/recipes/2777/easy-miso
"

          Ham & cheese bake        
",/recipes/5091/ham-and-cheese-bake
"

          Ham & beetroot salad bowl        
",/recipes/4661/ham-and-beetroot-salad-bowl
"

          Balsamic beetroot with Roquefort        
",/recipes/2199/balsamic-beetroot-with-roquefort
"

          Carrot & ginger soup        
",/recipes/carrot-ginger-soup
"

          Toasted quinoa, lentil & poached salmon salad        
",/recipes/3161700/toasted-quinoa-lentil-and-poached-salmon-salad
"

          Charred tomatoes        
",/recipes/1641/charred-tomatoes
"

          Egg, dairy & gluten-free pancakes        
",/recipes/2920662/egg-dairy-and-glutenfree-pancakes
"

          Golden spiced roast potatoes        
",/recipes/2178/golden-spiced-roast-potatoes
"

          Prawn, rice & mango jar salad        
",/recipes/prawn-rice-mango-jar-salad
"

          Annie's potato & tomato bake        
",/recipes/2866/annies-potato-and-tomato-bake
"

          Spelt & wild mushroom risotto        
",/recipes/13242/spelt-and-wild-mushroom-risotto
"

          Spiced arancello        
",/recipes/8025/spiced-arancello
"

          Ultimate sticky toffee pudding        
",/recipes/3682/ultimate-sticky-toffee-pudding
"

          Gingerbread cake with caramel biscuit icing        
",/recipes/gingerbread-cake-caramel-biscuit-icing
"

          Poached eggs with broccoli, tomatoes & wholemeal flatbread        
",/recipes/poached-eggs-broccoli-tomatoes-wholemeal-flatbread
"

          Pumpkin soup        
",/recipes/7730/pumpkin-soup
"

          Ham, egg & chips        
",/recipes/ham-egg-chips
"

          James Martin's Yorkshire puds        
",/recipes/1581636/james-martins-yorkshire-puds
"

          Cider-braised cabbage & leek hotpot        
",/recipes/1789646/ciderbraised-cabbage-and-leek-hotpot
"

          Asparagus soup        
",/recipes/3084679/asparagus-soup
"

          Mexican corn on the cob        
",/recipes/2249641/mexican-corn-on-the-cob
"

          Chicken Caesar salad        
",/recipes/2516/chicken-caesar-salad
"

          Gooseberry gems        
",/recipes/6515/gooseberry-gems
"

          Marinated lamb steaks with barley salad        
",/recipes/518643/marinated-lamb-steaks-with-barley-salad
"

          Chicken & bacon cacciatore        
",/recipes/1135658/chicken-and-bacon-cacciatore
"

          Queen of pudding cakes        
",/recipes/1162680/queen-of-pudding-cakes
"

          Dried fruit energy nuggets        
",/recipes/1897712/dried-fruit-energy-nuggets
"

          Frozen banana ghosts        
",/recipes/frozen-banana-ghosts
"

          Very chocolatey cake        
",/recipes/847641/very-chocolatey-cake
"

          Sticky cider & mustard sausage wheel with box grater salad        
",/recipe/sticky-cider-mustard-sausage-wheel-box-grater-salad
"

          Indian minced lamb skewers        
",/recipes/1267640/indian-minced-lamb-skewers
"

          Irish apple tart        
",/recipes/1780/irish-apple-tart
"

          Tomato & basil granita        
",/recipes/2467/tomato-and-basil-granita
"

          Frozen banana & praline parfait        
",/recipes/359609/frozen-banana-and-praline-parfait
"

          Leek & Wensleydale toasties with quick pickle        
",/recipes/leek-wensleydale-toasties-quick-pickle
"

          Highland beef with pickled walnuts & puff pastry tops        
",/recipes/1674/highland-beef-with-pickled-walnuts-and-puff-pastry
"

          Sushi rice bowl with beef, egg & chilli sauce        
",/recipes/1841638/sushi-rice-bowl-with-beef-egg-and-chilli-sauce
"

          Sticky gammon steaks with apple & bulghar salad        
",/recipes/sticky-gammon-steaks-apple-bulghar-salad
"

          Couscous fritters with feta        
",/recipes/3205/couscous-fritters-with-feta
"

          Grilled lamb with wintry rice salad        
",/recipes/13147/grilled-lamb-with-wintry-rice-salad
"

          Popcorn chicken with zingy soured cream dip        
",/recipes/2972680/popcorn-chicken-with-zingy-soured-cream-dip
"

          Squash & ricotta wraps with coriander salsa        
",/recipes/12277/squash-and-ricotta-wraps-with-coriander-salsa
"

          Chocolate & pecan tart        
",/recipes/75608/chocolate-and-pecan-tart
"

          Navarin of lamb & spring vegetables        
",/recipes/5877/navarin-of-lamb-and-spring-vegetables
"

          Spicy Thai fish kebabs        
",/recipes/3317/spicy-thai-fish-kebabs
"

          Smoked salmon & mascarpone tortilla        
",/recipes/4813/smoked-salmon-and-mascarpone-tortilla
"

          Cassoulet of bacon & Toulouse sausage with confit pheasant        
",/recipes/13404/cassoulet-of-bacon-and-toulouse-sausage-with-confi
"

          Baked sea bass with lemon caper dressing        
",/recipes/baked-sea-bass-lemon-caper-dressing
"

          Super-quick Scandi supper        
",/recipes/1568645/superquick-scandi-supper
"

          Chicken pesto wrap        
",/recipes/chicken-pesto-wrap
"

          Coconut cupcakes        
",/recipes/coconut-cupcakes
"

          Speedy pork with spring greens        
",/recipes/3263/speedy-pork-with-spring-greens
"

          Roast beef platter with chilli, pine nut & parsley dressing        
",/recipe/roast-beef-platter-chilli-pine-nut-parsley-dressing
"

          Sizzling cod        
",/recipes/2632/sizzling-cod
"

          Tortellini & pesto minestrone        
",/recipes/449616/tortellini-and-pesto-minestrone
"

          Christmas pudding with citrus & spice        
",/recipes/8370/christmas-pudding-with-citrus-and-spice
"

          Quick chicken noodles        
",/recipes/2597/quick-chicken-noodles
"

          Turkey Bolognese pasta bake        
",/recipes/turkey-bolognese-pasta-bake
"

          Pears with chocolate sauce        
",/recipes/166608/pears-with-chocolate-sauce
"

          Maple-roasted squash with pecans        
",/recipes/maple-roasted-squash-pecans
"

          Giant cookie cake        
",/recipes/giant-cookie-cake
"

          Pork with pears        
",/recipes/3403/pork-with-pears
"

          Fennel, pomegranate & broad bean salad        
",/recipes/fennel-pomegranate-broad-bean-salad
"

          Puy lentils with spinach & sour cherries        
",/recipes/puy-lentils-spinach-sour-cherries
"

          Quick kimchi        
",/recipes/quick-kimchi
"

          Mocha hazelnut cake        
",/recipes/1900/mocha-hazelnut-cake
"

          Real Spanish omelette        
",/recipes/2738/real-spanish-omelette
"

          Tamarind aubergine with black rice, mint & feta        
",/recipes/tamarind-aubergine-black-rice-mint-feta
"

          Oyster beef with soupy noodles        
",/recipes/oyster-beef-soupy-noodles
"

          Prawn curry in a hurry        
",/recipes/4402/prawn-curry-in-a-hurry
"

          Toffee meringue pie        
",/recipes/778658/toffee-meringue-pie
"

          Easy melon ice cream        
",/recipes/11738/easy-melon-ice-cream
"

          Quick quarter-pounders        
",/recipes/4948/quick-quarterpounders
"

          Honey-mustard roast chicken with bubble & squeak        
",/recipes/874634/honeymustard-roast-chicken-with-bubble-and-squeak
"

          Any-roast apricot & pecan stuffing        
",/recipes/any-roast-apricot-pecan-stuffing
"

          Lemon meringue ice cream        
",/recipes/2734/lemon-meringue-ice-cream
"

          Wilted chicory with melted taleggio cheese        
",/recipes/1469/wilted-chicory-with-melted-taleggio-cheese
"

          Chipotle chicken        
",/recipes/724639/chipotle-chicken
"

          Crushed new potatoes        
",/recipes/5937/crushed-new-potatoes
"

          Baked fish with tomatoes, basil & crispy crumbs        
",/recipes/baked-fish-tomatoes-basil-crispy-crumbs
"

          Soy roast duck with hoisin gravy        
",/recipes/1648/soy-roast-duck-with-hoisin-gravy
"

          Warm pearl barley & roasted carrot salad with dill vinaigrette        
",/recipes/warm-pearl-barley-roasted-carrot-salad-dill-vinaigrette
"

          Marmalade & whisky bread & butter pudding        
",/recipes/251622/marmalade-and-whisky-bread-and-butter-pudding
"

          Hot & sour broth with prawns        
",/recipes/786650/hot-and-sour-broth-with-prawns
"

          Spanish chicken traybake with chorizo & peppers        
",/recipes/spanish-chicken-traybake-chorizo-peppers
"

          Cherry & cinnamon conserve        
",/recipes/6529/cherry-and-cinnamon-conserve
"

          Roasted pork meatballs with garlic mushrooms        
",/recipes/1913/roasted-pork-meatballs-with-garlic-mushrooms
"

          Seared beef & papaya salad with tamarind soy dressing        
",/recipes/seared-beef-papaya-salad-tamarind-soy-dressing
"

          Spicy potted crab         
",/recipes/1797/spicy-potted-crab-
"

          Seafood paella        
",/recipes/seafood-paella
"

          Spiced apple pie        
",/recipes/2859/spiced-apple-pie
"

          Dressed crab cups        
",/recipes/2743665/dressed-crab-cups
"

          Spicy chicken & avocado wraps        
",/recipes/spicy-chicken-avocado-wraps
"

          Corn with coriander butter        
",/recipes/1363657/corn-with-coriander-butter
"

          Custard tart        
",/recipes/1583638/custard-tart
"

          Waterloo sunsets        
",/recipes/3094680/waterloo-sunsets
"

          Hot little Christmas cakes        
",/recipes/5031/hot-little-christmas-cakes
"

          Triple nut & apple stuffing balls        
",/recipes/triple-nut-apple-stuffing-balls
"

          Dill pickled cucumbers        
",/recipes/dill-pickled-cucumbers
"

          Blackberry & clotted cream shortcake         
",/recipes/2857/blackberry-and-clotted-cream-shortcake-
"

          Radish, lentil & mint salad        
",/recipes/radish-lentil-mint-salad
"

          Creamy potato gratin with caramelised onions        
",/recipes/1789636/creamy-potato-gratin-with-caramelised-onions
"

          Ultimate scones        
",/recipes/1729/ultimate-scones
"

          New potato & tamarind salad        
",/recipes/2252643/new-potato-and-tamarind-salad
"

          Honey-glazed quail with Waldorf salad        
",/recipes/8734/honeyglazed-quail-with-waldorf-salad
"

          Roast chicken & roots with lemon & poppy seed sauce        
",/recipes/roast-chicken-roots-lemon-poppy-seed-sauce
"

          Chestnut stuffing roll        
",/recipes/2744665/chestnut-stuffing-roll
"

          Cooking with kids: Fajitas         
",/recipes/2451648/cooking-with-kids-fajitas-
"

          Eggnog        
",/recipes/eggnog
"

          Stir-fried ginger miso steak with broccoli        
",/recipes/stir-fried-ginger-miso-steak-broccoli
"

          Hot-smoked salmon & egg Caesar        
",/recipes/5995/hotsmoked-salmon-and-egg-caesar
"

          Braised summer vegetable pisto with emerald sauce & fried egg        
",/recipes/531664/braised-summer-vegetable-pisto-with-emerald-sauce-
"

          Pear & almond flapjack tart        
",/recipes/1916644/pear-and-almond-flapjack-tart
"

          Smoky beans with basil & bacon        
",/recipes/1222/smoky-beans-with-basil-and-bacon
"

          Lemon ice & minty strawberries        
",/recipes/3077/lemon-ice-and-minty-strawberries
"

          Cheesy leek & bacon puff        
",/recipes/2669/cheesy-leek-and-bacon-puff
"

          Almost-instant sweet wine ice-cream        
",/recipes/2404/almostinstant-sweet-wine-icecream
"

          Chocolate marquise        
",/recipes/4806/chocolate-marquise
"

          Prawn & lime noodles        
",/recipes/prawn-lime-noodles
"

          Moroccan fish stew        
",/recipes/moroccan-fish-stew
"

          Smoked salmon & pea frittata        
",/recipes/3356/smoked-salmon-and-pea-frittata
"

          Banana, honey & hazelnut smoothie        
",/recipes/1760/banana-honey-and-hazelnut-smoothie
"

          Roast chicken with couscous & pine nut stuffing        
",/recipes/4631/roast-chicken-with-couscous-and-pine-nut-stuffing
"

          Crunchy cucumber salad          
",/recipes/10653/crunchy-cucumber-salad-
"

          Cherry tomato, kale, ricotta & pesto pasta        
",/recipes/2472637/cherry-tomato-kale-ricotta-and-pesto-pasta
"

          Strawberry panna cotta        
",/recipes/strawberry-panna-cotta
"

          Family meals: Easy lamb tagine         
",/recipes/2303638/family-meals-easy-lamb-tagine-
"

          Egg, bacon & bean bowl        
",/recipes/5164/egg-bacon-and-bean-bowl
"

          Full English salad        
",/recipes/2320660/full-english-salad
"

          Cooking with kids: Chunky fish fingers        
",/recipes/2451639/cooking-with-kids-chunky-fish-fingers
"

          Lamb meatballs with watercress dressing        
",/recipes/lamb-meatballs-watercress-dressing
"

          Lemon sherbet jammy dodgers        
",/recipes/lemon-sherbet-jammy-dodgers
"

          Maracuja (Passion fruit mousse traybake)        
",/recipes/maracuja-passion-fruit-mousse-traybake
"

          Spinach & watercress salad        
",/recipes/spinach-watercress-salad
"

          Asian chicken spiralized salad        
",/recipes/asian-chicken-spiralized-salad
"

          Apricot & pistachio pavlova        
",/recipes/1628/apricot-and-pistachio-pavlova
"

          Open rye sandwich with halloumi & avocado        
",/recipes/open-rye-sandwich-halloumi-avocado
"

          Tartines with blue cheese, fig & ham        
",/recipes/644638/tartines-with-blue-cheese-fig-and-ham
"

          Cheesy sprout fondue        
",/recipes/cheesy-sprout-fondue
"

          Trout with almonds & red peppers        
",/recipes/10061/trout-with-almonds-and-red-peppers
"

          Custard kisses        
",/recipes/694636/custard-kisses
"

          Stuffed courgette flowers with olive dressing        
",/recipes/1364658/stuffed-courgette-flowers-with-olive-dressing
"

          Sweetcorn & sweet potato burgers        
",/recipes/2252639/sweetcorn-and-sweet-potato-burgers
"

          Noisette potatoes        
",/recipes/1108/noisette-potatoes
"

          Irish coddled pork with cider        
",/recipes/5575/irish-coddled-pork-with-cider
"

          Spinach soup        
",/recipes/2155648/spinach-soup
"

          Polka-dot strawberry cake        
",/recipe/polka-dot-strawberry-cake
"

          The ultimate makeover: Potato dauphinoise        
",/recipes/853650/the-ultimate-makeover-potato-dauphinoise
"

          Mango & passionfruit ice        
",/recipes/1166645/mango-and-passionfruit-ice
"

          Caponata        
",/recipes/2220689/caponata
"

          Smoked haddock with celeriac & spinach gratin        
",/recipes/smoked-haddock-celeriac-spinach-gratin
"

          Summer potato salad with minty Dijon mayo        
",/recipes/2105/summer-potato-salad-with-minty-dijon-mayo
"

          Nectarines with velvety vanilla cream         
",/recipes/1809/nectarines-with-velvety-vanilla-cream-
"

          Whizz-choc-pop super sundae        
",/recipes/whizz-choc-pop-super-sundae
"

          Poached fish with ginger & sesame broth        
",/recipes/poached-fish-ginger-sesame
"

          Spring vegetable broth with shredded chicken        
",/recipes/spring-vegetable-broth-shredded-chicken
"

          Raspberry & blueberry lime drizzle cake        
",/recipes/1338/raspberry-and-blueberry-lime-drizzle-cake
"

          Courgette, potato & cheddar soup        
",/recipes/1577642/courgette-potato-and-cheddar-soup
"

          Scrambled omelette toast topper        
",/recipes/7574/scrambled-omelette-toast-topper
"

          Sugar-free lemon drizzle cake         
",/recipes/1940674/sugarfree-lemon-drizzle-cake-
"

          Cheshire cheese & ham on toast        
",/recipes/1705/cheshire-cheese-and-ham-on-toast
"

          Crispy salmon with turnip, mandarin & noodle salad        
",/recipes/crispy-salmon-turnip-mandarin-noodle-salad
"

          Veggie egg-fried rice        
",/recipes/2770/veggie-eggfried-rice
"

          Spiced parsnip & ham soup        
",/recipes/886634/spiced-parsnip-and-ham-soup
"

          Aubergine & chilli tagliolini        
",/recipes/aubergine-chilli-tagliolini
"

          Warm quinoa salad with grilled halloumi        
",/recipes/1841634/warm-quinoa-salad-with-grilled-halloumi
"

          Moroccan meatballs with eggs        
",/recipes/749722/moroccan-meatballs-with-eggs
"

          Black pudding potato cakes with fried eggs & tomato chutney        
",/recipes/1572641/black-pudding-potato-cakes-with-fried-eggs-and-tom
"

          Stollen mince pies        
",/recipes/2760971/stollen-mince-pies
"

          Summery soup with pesto        
",/recipes/2367/summery-soup-with-pesto
"

          Iced vanilla & caramel profiteroles        
",/recipes/5572/iced-vanilla-and-caramel-profiteroles
"

          Scotch eggs        
",/recipes/2853682/scotch-eggs
"

          Harissa lamb cutlets with pomegranate couscous        
",/recipes/harissa-lamb-cutlets-pomegranate-couscous
"

          Rye & pumpkin seed crackers        
",/recipes/3158676/rye-and-pumpkin-seed-crackers
"

          Quick chilli cornbread        
",/recipes/1899/quick-chilli-cornbread
"

          Strawberry marshmallow mousse        
",/recipes/11799/strawberry-marshmallow-mousse
"

          Chocolate & chestnut truffle torte        
",/recipes/155632/chocolate-and-chestnut-truffle-torte
"

          Italian meatloaf        
",/recipes/531658/italian-meatloaf
"

          Banana & rum tatins        
",/recipes/2401/banana-and-rum-tatins
"

          Rainbow cookies        
",/recipes/694634/rainbow-cookies
"

          Mini schnitzels with garlic sauce        
",/recipes/mini-schnitzels-garlic-sauce
"

          Harissa sweet potato wedges        
",/recipes/1263681/harissa-sweet-potato-wedges
"

          Prawn cocktail squares        
",/recipes/1162672/prawn-cocktail-squares
"

          Raspberry ripple ice cream        
",/recipes/1508665/raspberry-ripple-ice-cream
"

          Pistachio friands with chocolate ice cream        
",/recipes/1415679/pistachio-friands-with-chocolate-ice-cream
"

          Strawberry & banana almond smoothie        
",/recipes/strawberry-banana-almond-smoothie
"

          One-pot chicken & bacon stew        
",/recipes/748650/onepot-chicken-and-bacon-stew
"

          Sticky cinnamon figs        
",/recipes/2331/sticky-cinnamon-figs
"

          Chocolate & hazelnut biscotti        
",/recipes/252621/chocolate-and-hazelnut-biscotti
"

          Shallot tatins with goat's cheese        
",/recipes/2691/shallot-tatins-with-goats-cheese
"

          Slow-roast belly of pork        
",/recipes/1661639/slowroast-belly-of-pork
"

          New potato & smoked haddock crush        
",/recipes/3927/new-potato-and-smoked-haddock-crush
"

          Roast aubergine parmigiana        
",/recipes/2876664/roast-aubergine-parmigiana
"

          Creamy ham, leek & mushroom spaghetti        
",/recipes/230615/creamy-ham-leek-and-mushroom-spaghetti
"

          Lighter Cornish pasties        
",/recipes/2257638/lighter-cornish-pasties
"

          Spring veg & prawn stir-fry        
",/recipes/4024/spring-veg-and-prawn-stirfry
"

          Leek & freekeh pilaf with feta & toasted pine nuts        
",/recipes/leek-freekeh-pilaf-feta-toasted-pine-nuts
"

          Creamy aubergine curry        
",/recipes/7396/creamy-aubergine-curry
"

          Griddled leeks & goat's cheese        
",/recipes/griddled-leeks-goats-cheese
"

          Spicy spring onion salad        
",/recipes/spicy-spring-onion-salad
"

          Tomato & thyme cod        
",/recipes/5939/tomato-and-thyme-cod
"

          Chocolate pie with toffee sauce & coffee cream        
",/recipes/chocolate-pie-toffee-sauce-coffee-cream
"

          Wild mushroom & potato cake        
",/recipes/2533/wild-mushroom-and-potato-cake
"

          BBQ chicken burgers        
",/recipes/681635/bbq-chicken-burgers
"

          Whipped Brie salad with dates & candied walnuts        
",/recipes/1788641/whipped-brie-salad-with-dates-and-candied-walnuts
"

          Daube of beef with spiced beetroot        
",/recipes/1211/daube-of-beef-with-spiced-beetroot
"

          Bacon & avocado frittata        
",/recipes/bacon-avocado-frittata
"

          Creamy tagliatelle with sausage, ricotta & basil        
",/recipe/creamy-tagliatelle-sausage-ricotta-basil
"

          Blood orange, mozzarella & rocket salad        
",/recipes/2872683/blood-orange-mozzarella-and-rocket-salad
"

          Mediterranean chicken tray bake        
",/recipes/1570635/mediterranean-chicken-tray-bake
"

          Grilled salmon teriyaki with cucumber salad        
",/recipes/9626/grilled-salmon-teriyaki-with-cucumber-salad
"

          Jerk chicken curry with beans        
",/recipes/9530/jerk-chicken-curry-with-beans
"

          Thai chicken bites        
",/recipes/12539/thai-chicken-bites
"

          Creamy herb & Parmesan mash        
",/recipes/7676/creamy-herb-and-parmesan-mash
"

          Minced beef Wellington        
",/recipes/1131634/minced-beef-wellington
"

          Ultimate chilli con carne        
",/recipes/lindseys-ultimate-chilli-con-carne
"

          Courgettes with crisp cheese crumbs        
",/recipes/453629/courgettes-with-crisp-cheese-crumbs
"

          Sweet & hot vegetable curry        
",/recipes/2010/sweet-and-hot-vegetable-curry
"

          Melon & ginger sharbat        
",/recipes/melon-ginger-sharbat
"

          Crushed raspberry creams        
",/recipes/3080/crushed-raspberry-creams
"

          Creamy lentil & spinach soup with bacon        
",/recipes/1959647/creamy-lentil-and-spinach-soup-with-bacon
"

          Spicy cauliflower pilau        
",/recipes/spicy-cauliflower-pilau
"

          Smoked trout & potato wedges        
",/recipes/8830/smoked-trout-and-potato-wedges
"

          Thai prawn & ginger noodles        
",/recipes/thai-prawn-ginger-noodles
"

          Herby slow-roast chicken        
",/recipes/3019683/herby-slowroast-chicken
"

          Minted pea soup        
",/recipes/2510/minted-pea-soup
"

          Christmas spiced friands        
",/recipes/864647/christmas-spiced-friands
"

          Quinoa, squash & broccoli salad        
",/recipes/quinoa-squash-broccoli-salad
"

          Breakfast muffins        
",/recipes/breakfast-muffins
"

          Summer fish pie        
",/recipes/1363654/summer-fish-pie
"

          Vietnamese seafood salad        
",/recipes/1413640/vietnamese-seafood-salad
"

          Ultimate apple pie        
",/recipes/2052/ultimate-apple-pie
"

          Pepper-crusted salmon with garlic chickpeas        
",/recipes/8254/peppercrusted-salmon-with-garlic-chickpeas
"

          Turnip gratin        
",/recipes/turnip-gratin
"

          Tomatoes stuffed with pesto rice        
",/recipes/tomatoes-stuffed-pesto-rice
"

          John's jambalaya        
",/recipes/johns-jambalaya
"

          Cinnamon blueberry tart        
",/recipes/2208/cinnamon-blueberry-tart
"

          Silvana's Mediterranean & basil pasta        
",/recipes/3319/silvanas-mediterranean-and-basil-pasta
"

          Tender braised duck with pomegranate molasses        
",/recipes/5107/tender-braised-duck-with-pomegranate-molasses
"

          Easiest-ever bread pudding        
",/recipes/6022/easiestever-bread-pudding
"

          Warm mackerel & beetroot salad        
",/recipes/3215/warm-mackerel-and-beetroot-salad
"

          Spicy vegetable egg fried rice        
",/recipes/1088653/spicy-vegetable-egg-fried-rice
"

          Crunchy feta & tomato salad        
",/recipes/1532/crunchy-feta-and-tomato-salad
"

          Pork & mushroom kebabs with quick fried rice        
",/recipes/9025/pork-and-mushroom-kebabs-with-quick-fried-rice
"

          Asparagus brunch stack        
",/recipes/asparagus-brunch-stack
"

          Calvados custard        
",/recipes/3019690/calvados-custard
"

          Fuss-free lasagne        
",/recipes/333625/fussfree-lasagne
"

          Lemon & parsley butter beans        
",/recipes/333629/lemon-and-parsley-butter-beans
"

          Purple sprouting broccoli with Parmesan & herbed crumbs        
",/recipes/3026/purple-sprouting-broccoli-with-parmesan-and-herbed
"

          Italian chicken with cream cheese & spinach        
",/recipes/italian-chicken-cream-cheese-spinach
"

          Mussels in spiced broth        
",/recipes/471627/mussels-in-spiced-broth
"

          Squash gnocchi        
",/recipes/4844/squash-gnocchi
"

          Apple & cranberry pancakes with cinnamon butter & syrup        
",/recipes/1805675/apple-and-cranberry-pancakes-with-cinnamon-butter-
"

          Berry slump        
",/recipes/7419/berry-slump
"

          Salted caramel & peanut butter s'mores        
",/recipes/salted-caramel-peanut-smores
"

          Deep-filled mince pies        
",/recipes/863652/deepfilled-mince-pies
"

          BBQ beans with mashed potato tops        
",/recipes/11689/bbq-beans-with-mashed-potato-tops
"

          Beetroot, feta & asparagus salad        
",/recipes/3298/beetroot-feta-and-asparagus-salad
"

          Cheesy tuna pesto pasta        
",/recipes/9980/cheesy-tuna-pesto-pasta
"

          Griddled asparagus        
",/recipes/2283/griddled-asparagus
"

          Roast pork with lemon gremolata        
",/recipes/1983/roast-pork-with-lemon-gremolata
"

          All-in-one roast bubble & squeak        
",/recipes/1789640/allinone-roast-bubble-and-squeak
"

          Roasted roots        
",/recipes/8765/roasted-roots
"

          Cheese & chilli naans        
",/recipes/5082/cheese-and-chilli-naans
"

          Braised chicken & beans        
",/recipes/5733/braised-chicken-and-beans
"

          Pork loin roast with fig & apple stuffing        
",/recipes/pork-loin-roast-fig-apple-stuffing
"

          Iceberg wedge salad with blue cheese dressing        
",/recipes/iceberg-wedge-salad-blue-cheese-dressing
"

          Fish cakes with tartare sauce        
",/recipes/1355/fish-cakes-with-tartare-sauce
"

          Cep, rocket & Parmesan salad        
",/recipes/1828/cep-rocket-and-parmesan-salad
"

          Lemony rice & peas        
",/recipes/4642/lemony-rice-and-peas
"

          Grilled mackerel with orange, chilli & watercress salad        
",/recipes/412626/grilled-mackerel-with-orange-chilli-and-watercress
"

          Smoky chipotle pepper salsa        
",/recipes/589628/smoky-chipotle-pepper-salsa
"

          Stir-fried curly kale with chilli & garlic        
",/recipes/10046/stirfried-curly-kale-with-chilli-and-garlic
"

          Zesty salmon with roasted beets & spinach        
",/recipes/zesty-salmon-roasted-beets-spinach
"

          Orange and raspberry Hey Duggee cake        
",/recipes/orange-and-raspberry-hey-duggee-cake
"

          Gooseberry, elderflower & Sauvignon sorbet        
",/recipes/gooseberry-elderflower-sauvignon-sorbet
"

          Chestnuts in Cognac & vanilla syrup        
",/recipes/2604639/chestnuts-in-cognac-and-vanilla-syrup
"

          Coconut panna cotta with pineapple salsa        
",/recipes/4984/coconut-panna-cotta-with-pineapple-salsa
"

          New potato & sundried tomato salad        
",/recipes/1411634/new-potato-and-sundried-tomato-salad
"

          The ultimate makeover: Chocolate chip cookies        
",/recipes/756636/the-ultimate-makeover-chocolate-chip-cookies
"

          Fully loaded Cajun chicken burgers        
",/recipes/9092/fully-loaded-cajun-chicken-burgers
"

          Cauliflower cheese with walnuts & crumbs        
",/recipes/cauliflower-cheese-walnuts-crumbs
"

          Pan-fried smoked salmon with green beans & chives        
",/recipes/2808/panfried-smoked-salmon-with-green-beans-and-chives
"

          Galette des rois        
",/recipes/5078/galette-des-rois
"

          Grilled aubergine tabbouleh        
",/recipes/grilled-aubergine-tabbouleh
"

          Gingery treacle tart         
",/recipes/8244/gingery-treacle-tart-
"

          Boozy mincemeat        
",/recipes/1157/boozy-mincemeat
"

          Mexican bean soup with crispy feta tortillas        
",/recipes/mexican-bean-soup-crispy-feta-tortillas
"

          Honey mustard lamb with crushed potatoes        
",/recipes/10369/honey-mustard-lamb-with-crushed-potatoes
"

          Tom's orange & poppyseed cake        
",/recipes/1300/toms-orange-and-poppyseed-cake
"

          Crab cocktail        
",/recipes/3087678/crab-cocktail
"

          Layered houmous, tabbouleh & feta picnic bowl        
",/recipes/11691/layered-houmous-tabbouleh-and-feta-picnic-bowl
"

          Spaghetti with caramelised onion, kale & Gorgonzola        
",/recipes/2865698/spaghetti-with-caramelised-onion-kale-and-gorgonzo
"

          15-minute prawn curry        
",/recipes/2703/15minute-prawn-curry
"

          Sweet party bites        
",/recipes/78606/sweet-party-bites
"

          Aubergine & pomegranate flatbreads        
",/recipes/aubergine-pomegranate-flatbreads
"

          Spice-crunch chicken with guacamole salad & tortillas        
",/recipes/11756/spicecrunch-chicken-with-guacamole-salad-and-torti
"

          Speedy microwave pizza toastie        
",/recipes/11688/speedy-microwave-pizza-toastie
"

          Gingerbread syrup        
",/recipes/gingerbread-syrup
"

          Elderflower & cucumber G&Ts        
",/recipes/elderflower-cucumber-gts
"

          Pickled radish & cucumber salad        
",/recipes/460645/pickled-radish-and-cucumber-salad
"

          Plum pudding        
",/recipes/1011/plum-pudding
"

          Mango passion fruit roulade        
",/recipes/1272/mango-passion-fruit-roulade
"

          Broccoli pesto pizza        
",/recipes/broccoli-pesto-pizza
"

          Dark chocolate & cranberry roulade        
",/recipes/2570/dark-chocolate-and-cranberry-roulade
"

          Parsley, radish & red onion salad        
",/recipes/3269/parsley-radish-and-red-onion-salad
"

          Sticky maple-glazed ham with baked apple sauce        
",/recipes/sticky-maple-glazed-ham-baked-apple-sauce
"

          Japanese-style bento box        
",/recipes/japanese-style-bento-box
"

          Smoky pork & black bean tacos        
",/recipes/2121655/smoky-pork-and-black-bean-tacos
"

          Little clementine & cranberry syrup cakes        
",/recipes/little-clementine-cranberry-syrup-cakes
"

          Sausage & leek hash        
",/recipes/1562/sausage-and-leek-hash
"

          Warm chicken & avocado salad        
",/recipes/1845/warm-chicken-and-avocado-salad
"

          Hot or cold meatloaf        
",/recipes/2938/hot-or-cold-meatloaf
"

          Steak with spiced rice & beans        
",/recipes/144608/steak-with-spiced-rice-and-beans
"

          Vegetable tempura with soy & dipping sauce        
",/recipes/2840/vegetable-tempura-with-soy-and-dipping-sauce
"

          Chestnut truffle cake        
",/recipes/8020/chestnut-truffle-cake
"

          Horseradish mash        
",/recipes/horseradish-mash
"

          Haddock & leek au gratin with sweetcorn mash        
",/recipes/haddock-leek-au-gratin-sweetcorn-mash
"

          Mincemeat custard pies         
",/recipes/8208/mincemeat-custard-pies-
"

          Sticky treacle, ginger & lime cake        
",/recipe/sticky-treacle-ginger-lime-cake
"

          Apple & ginger muesli-topped crumble        
",/recipes/1451/apple-and-ginger-mueslitopped-crumble
"

          Griddled swordfish with pineapple & chilli salsa        
",/recipes/2517/griddled-swordfish-with-pineapple-and-chilli-salsa
"

          Houmous-crusted lamb with lentil salad        
",/recipes/4834/houmouscrusted-lamb-with-lentil-salad
"

          Pear & ginger loaf cake        
",/recipes/1660647/pear-and-ginger-loaf-cake
"

          Cranberry, maple & pecan pudding        
",/recipes/2711/cranberry-maple-and-pecan-pudding
"

          Orange berry wedding cake        
",/recipes/6417/orange-berry-wedding-cake
"

          Superhealthy slaw        
",/recipes/1897704/superhealthy-slaw
"

          Chocolate-chip cookie ice-cream sandwiches        
",/recipes/3161709/chocolatechip-cookie-icecream-sandwiches
"

          Beetroot, goat's cheese & tarragon salad        
",/recipes/2608/beetroot-goats-cheese-and-tarragon-salad
"

          Tangy carrot, red cabbage & onion salad        
",/recipes/13249/tangy-carrot-red-cabbage-and-onion-salad
"

          Beanburger puffs        
",/recipes/1295/beanburger-puffs
"

          Beef & bean hotpot        
",/recipes/2627/beef-and-bean-hotpot
"

          Indian spiced greens        
",/recipes/5823/indian-spiced-greens
"

          Beef stew with horseradish dumplings        
",/recipes/1022642/beef-stew-with-horseradish-dumplings
"

          Whole roasted cauliflower with red wine, shallots & wheatberries        
",/recipes/whole-roasted-cauliflower-red-wine-shallots-wheatberries
"

          Chana masala with spinach        
",/recipes/chana-masala-spinach
"

          Rose-scented strawberry cocktails        
",/recipes/693639/rosescented-strawberry-cocktails
"

          Spiced potato samosas        
",/recipes/1974649/spiced-potato-samosas
"

          Cheap-as-chips veggie pizza        
",/recipes/2491643/cheapaschips-veggie-pizza
"

          Glam trifle slice        
",/recipes/2830668/glam-trifle-slice
"

          Gratin of carrots & root vegetables        
",/recipes/3273/gratin-of-carrots-and-root-vegetables
"

          The best apple crumble        
",/recipes/best-apple-crumble
"

          Salted caramel truffles        
",/recipes/salted-caramel-truffles
"

          The ultimate makeover: Moussaka        
",/recipes/10610/the-ultimate-makeover-moussaka
"

          Summer courgette & tomato gratin        
",/recipes/2369639/summer-courgette-and-tomato-gratin
"

          Sweet potato & spinach bake        
",/recipes/1089637/sweet-potato-and-spinach-bake
"

          Potato & salmon grill        
",/recipes/3262/potato-and-salmon-grill
"

          Best-ever pesto & potato pasta        
",/recipes/best-ever-pesto-potato-pasta
"

          Mini mincemeat crumble pies        
",/recipes/2243/mini-mincemeat-crumble-pies
"

          Sweet pea salad        
",/recipes/3022681/sweet-pea-salad
"

          One-pan pea & ham pesto pasta        
",/recipes/one-pan-pea-ham-pesto-pasta
"

          Pappardelle with sausage & fennel seed bolognese        
",/recipes/1964/pappardelle-with-sausage-and-fennel-seed-bolognese
"

          Orange & feta giant couscous salad        
",/recipes/orange-feta-giant-couscous-salad
"

          Chocolate & spice hot cross buns        
",/recipes/chocolate-spice-hot-cross-buns
"

          Alice in Wonderland wedding cookies        
",/recipes/eat-me-chessboard-sugar-cookie-cards-0
"

          Plum crumble        
",/recipes/2686664/plum-crumble
"

          Banana pancakes        
",/recipes/banana-pancakes
"

          Jerk chicken with rice & peas        
",/recipes/2369635/jerk-chicken-with-rice-and-peas
"

          Sticky toffee fig rolls        
",/recipes/sticky-toffee-fig-rolls
"

          Candy cane lollipops        
",/recipes/candy-cane-lollipops
"

          Chilli broad bean fritters with homemade labneh        
",/recipes/chilli-broad-bean-fritters-homemade-labneh
"

          Turkey, bacon & avocado mini bagels        
",/recipes/turkey-bacon-avocado-mini-bagels
"

          Welsh cakes        
",/recipes/5569/welsh-cakes
"

          Super-fast Pad Thai        
",/recipes/764635/superfast-pad-thai
"

          Baked apples with Calvados sauce        
",/recipes/778640/baked-apples-with-calvados-sauce
"

          Smoked salmon salad with crab dressing        
",/recipes/2360669/smoked-salmon-salad-with-crab-dressing
"

          Easy mango ice        
",/recipes/1110/easy-mango-ice
"

          Cracked black pepper & figgy bread        
",/recipes/2787/cracked-black-pepper-and-figgy-bread
"

          Double-smoked fish cakes        
",/recipes/1446/doublesmoked-fish-cakes
"

          Hedgerow ketchup        
",/recipes/hedgerow-ketchup
"

          Stir-fry chilli beef wraps        
",/recipes/2953675/stirfry-chilli-beef-wraps
"

          Barbecued squid salad        
",/recipes/barbecued-squid-salad
"

          Raspberry ripple cake        
",/recipes/4676/raspberry-ripple-cake
"

          Macaroni cheese with bacon & pine nuts        
",/recipes/macaroni-cheese-bacon-pine-nuts
"

          Eton mess stacks        
",/recipes/6680/eton-mess-stacks
"

          Mini saltimbocca sandwiches        
",/recipes/2774677/mini-saltimbocca-sandwiches
"

          Star anise meringues with mango coulis & raspberries        
",/recipes/star-anise-meringues-mango-coulis-raspberries
"

          Bourbon, black cherry & bacon brownies        
",/recipes/emmas-almost-famous-bourbon-black-cherry-bacon-brownies
"

          Spiced pork & potato pie        
",/recipes/531644/spiced-pork-and-potato-pie
"

          Smoked trout & radish remoulade tartines        
",/recipes/smoked-trout-radish-remoulade-tartines
"

          Spicy stuffed chillies        
",/recipes/12472/spicy-stuffed-chillies
"

          Passion fruit curd        
",/recipes/1912648/passion-fruit-curd
"

          Chocolate, pistachio & nougat semi-freddo        
",/recipes/2053651/chocolate-pistachio-and-nougat-semifreddo
"

          Turkey breast fingers with avocado dip        
",/recipes/turkey-breast-fingers-avocado-dip
"

          Smoked trout, horseradish & asparagus vol-au-vent filling        
",/recipes/2219657/smoked-trout-horseradish-and-asparagus-volauvent-f
"

          Roast squash & kale salad with orange dressing        
",/recipes/roast-squash-kale-salad-orange-dressing
"

          Skinny carrot fries        
",/recipes/3094686/skinny-carrot-fries
"

          Gooseberry & custard pies        
",/recipes/gooseberry-custard-pies
"

          Chocolate, cranberry & macadamia brownies        
",/recipes/1826688/chocolate-cranberry-and-macadamia-brownies
"

          Blueberry Bakewell muffins        
",/recipes/blueberry-bakewell-muffins
"

          Tarragon & mustard mayonnaise        
",/recipes/2415648/tarragon-and-mustard-mayonnaise
"

          Curried turkey lettuce wraps        
",/recipes/curried-turkey-lettuce-wraps
"

          Orange pumpkin face cookies        
",/recipes/1475/orange-pumpkin-face-cookies
"

          Smoked salmon with prawns, horseradish cream & lime vinaigrette        
",/recipes/9081/smoked-salmon-with-prawns-horseradish-cream-and-li
"

          Asian-style tofu & cucumber noodles        
",/recipes/4014/asianstyle-tofu-and-cucumber-noodles
"

          Griddled salmon with spring onion dressing        
",/recipes/468664/griddled-salmon-with-spring-onion-dressing
"

          American-style pineapple & banana pancakes        
",/recipes/1525/americanstyle-pineapple-and-banana-pancakes
"

          Ricotta, fig & prosciutto crostini        
",/recipes/2415650/ricotta-fig-and-prosciutto-crostini
"

          Italian-style beef stew        
",/recipes/2209/italianstyle-beef-stew
"

          Bread sauce stuffing        
",/recipes/3190/bread-sauce-stuffing
"

          Orange, cranberry & almond mince pies        
",/recipes/69612/orange-cranberry-and-almond-mince-pies
"

          Duck legs braised with Seville oranges        
",/recipes/1898662/duck-legs-braised-with-seville-oranges
"

          Spiced peach & pepper chutney        
",/recipes/spiced-peach-pepper-chutney
"

          Marbled chocolate brownies        
",/recipes/4677/marbled-chocolate-brownies
"

          Apricot French toast        
",/recipes/453622/apricot-french-toast
"

          So-simple spaghetti Bolognese        
",/recipes/1556/sosimple-spaghetti-bolognese
"

          Basil, rosemary & chive flowerpot        
",/recipes/1582676/basil-rosemary-and-chive-flowerpot
"

          Asparagus wraps with lemon mayo        
",/recipes/1993653/asparagus-wraps-with-lemon-mayo
"

          Chilled strawberry & Pimm's zabaglione        
",/recipes/1766/chilled-strawberry-and-pimms-zabaglione
"

          Cappuccino of white beans        
",/recipes/2531/cappuccino-of-white-beans
"

          Vietnamese veg parcels        
",/recipes/1623/vietnamese-veg-parcels
"

          Moroccan-spiced turkey pie        
",/recipes/moroccan-spiced-turkey-pie
"

          Barbecued saddle of lamb with lemon & rosemary        
",/recipes/757641/barbecued-saddle-of-lamb-with-lemon-and-rosemary
"

          Garlicky lamb with peppers & couscous        
",/recipes/1121/garlicky-lamb-with-peppers-and-couscous
"

          Summer vegetable curry        
",/recipes/1507675/summer-vegetable-curry
"

          Pizza baked potato        
",/recipes/pizza-baked-potato
"

          All-the-trimmings roast potatoes        
",/recipes/5029/allthetrimmings-roast-potatoes
"

          Chicken casserole with herby dumplings        
",/recipes/2988675/chicken-casserole-with-herby-dumplings
"

          Elderflower crunch cake        
",/recipes/693645/elderflower-crunch-cake
"

          Bitterleaf salad        
",/recipes/1905/bitterleaf-salad
"

          Butternut macaroni cheese        
",/recipes/1742634/butternut-macaroni-cheese
"

          Sweet & sour chicken & veg        
",/recipes/1162660/sweet-and-sour-chicken-and-veg
"

          Jacket potatoes with home-baked beans        
",/recipes/1120672/jacket-potatoes-with-homebaked-beans
"

          Iced raspberry cranachan        
",/recipes/3094699/iced-raspberry-cranachan
"

          Pistachio & raspberry pithiviers        
",/recipes/2768681/pistachio-and-raspberry-pithiviers
"

          Pasta with tuna & tomato sauce        
",/recipes/1965/pasta-with-tuna-and-tomato-sauce
"

          Stuffed mushroom bruschettas        
",/recipes/3252/stuffed-mushroom-bruschettas
"

          Ultimate roast potatoes        
",/recipes/1303/ultimate-roast-potatoes
"

          Tasty make-ahead gravy        
",/recipes/tasty-make-ahead-gravy
"

          Bacon, sundried tomato & feta rolls        
",/recipes/bacon-sundried-tomato-feta-rolls
"

          Melty onion toasts        
",/recipes/9623/melty-onion-toasts
"

          Rice pudding & spiced plum bake        
",/recipes/1572699/rice-pudding-and-spiced-plum-bake
"

          Spice-rubbed haddock fillets on orange & parsley couscous        
",/recipes/3085/spicerubbed-haddock-fillets-on-orange-and-parsley-
"

          Crumble-topped mince pies        
",/recipes/4972/crumbletopped-mince-pies
"

          Chocolate & raspberry pots        
",/recipes/1916654/chocolate-and-raspberry-pots
"

          Easy mezze plate         
",/recipes/2660/easy-mezze-plate-
"

          Baked sea bass with lemon & herbs (with Tarator sauce)        
",/recipes/1759/baked-sea-bass-with-lemon-and-herbs-with-tarator-s
"

          Slow-braised pork shoulder with cider & parsnips        
",/recipes/2534644/slowbraised-pork-shoulder-with-cider-and-parsnips
"

          Roasted chicken & new potato salad        
",/recipes/2065/roasted-chicken-and-new-potato-salad
"

          Grilled marinated lamb cutlets        
",/recipes/12281/grilled-marinated-lamb-cutlets
"

          Warm kale salad with almonds & Serrano ham        
",/recipes/warm-kale-salad-almonds-serrano-ham
"

          Coleslaw with tahini yogurt dressing        
",/recipes/coleslaw-tahini-yogurt-dressing
"

          Florentine dairy-free pizza        
",/recipes/1898648/florentine-dairyfree-pizza
"

          Marshmallows dipped in chocolate        
",/recipes/2807670/marshmallows-dipped-in-chocolate
"

          Chicken teriyaki skewers with griddled spring onions        
",/recipes/chicken-teriyaki-skewers-griddled-spring-onions
"

          Crispy lamb breast with broad beans, chilli & marjoram        
",/recipes/crispy-lamb-breast-broad-beans-chilli-marjoram
"

          Zimtsterne (Cinnamon stars)        
",/recipes/zimtsterne-cinnamon-stars
"

          Duck tagine with clementines        
",/recipes/4847/duck-tagine-with-clementines
"

          Marrakech lamb with tahini squash gratin        
",/recipes/marrakech-lamb-tahini-squash-gratin
"

          South Indian egg curry with rice & lentil pilau        
",/recipes/south-indian-egg-curry-rice-lentil-pilau
"

          Blush meringues        
",/recipes/1878/blush-meringues
"

          Sweet potato stackers        
",/recipes/8860/sweet-potato-stackers
"

          Spiced rice with prawns        
",/recipes/1422/spiced-rice-with-prawns
"

          Spiced lamb & feta gozleme with special tomato sauce        
",/recipes/3158681/spiced-lamb-and-feta-gozleme-with-special-tomato-s
"

          Lamb, lemon & dill souvlaki        
",/recipes/12226/lamb-lemon-and-dill-souvlaki
"

          Roast chicken vinaigrette        
",/recipes/643637/roast-chicken-vinaigrette
"

          Cherry frangipane tart        
",/recipes/2377/cherry-frangipane-tart
"

          Malloween ghosts        
",/recipes/778645/malloween-ghosts
"

          Pitta pocket        
",/recipes/pitta-pocket
"

          Tart tatin with brandy cream        
",/recipes/1334/tart-tatin-with-brandy-cream
"

          German-style cheese & bacon pancakes        
",/recipes/german-cheese-bacon-pancakes
"

          Malt chocolate ice cream        
",/recipes/9625/malt-chocolate-ice-cream
"

          Chocolate berry cups        
",/recipes/3166/chocolate-berry-cups
"

          Spiced aubergine pilaf with poached eggs        
",/recipes/spiced-aubergine-pilaf-poached-eggs
"

          Curried vegetable pie        
",/recipes/3165/curried-vegetable-pie
"

          Potato & wild mushroom melt        
",/recipes/2846/potato-and-wild-mushroom-melt
"

          Creamy mustard mushrooms on toast with a glass of juice        
",/recipes/creamy-mustard-mushrooms-toast-glass-juice
"

          Herb salad with pomegranate & pistachios        
",/recipes/1108645/herb-salad-with-pomegranate-and-pistachios
"

          Pastry-less pork pie        
",/recipes/pastry-less-pork-pie
"

          Turkey meatballs in tomato & fennel sauce        
",/recipes/291611/turkey-meatballs-in-tomato-and-fennel-sauce
"

          Giant smoked salmon & beetroot blini        
",/recipes/giant-smoked-salmon-beetroot-blini
"

          Seafood tagliatelle, Spanish-style        
",/recipes/2216/seafood-tagliatelle-spanishstyle
"

          Spiced cranberry & pear relish        
",/recipes/851645/spiced-cranberry-and-pear-relish
"

          Baked conchiglioni with sausage, sage & butternut squash        
",/recipes/baked-conchiglioni-sausage-sage-butternut-squash
"

          Smoked paprika paella with cod & peas        
",/recipes/smoked-paprika-paella-cod-peas
"

          Spiced apple crisps        
",/recipes/1941636/spiced-apple-crisps
"

          Aubergines with garlic & herb dressing        
",/recipes/6498/aubergines-with-garlic-and-herb-dressing
"

          Crispy Cajun onion rings        
",/recipes/1897705/crispy-cajun-onion-rings
"

          Rhubarb & rose custard creams with crystallised petals        
",/recipes/2137639/rhubarb-and-rose-custard-creams-with-crystallised-
"

          Cream of cauliflower soup with sprinkles        
",/recipes/420630/cream-of-cauliflower-soup-with-sprinkles
"

          Toasted cumin flatbreads        
",/recipes/10504/toasted-cumin-flatbreads
"

          Super-quick fish curry        
",/recipes/4666/superquick-fish-curry
"

          New York Cheesecake        
",/recipes/2869/new-york-cheesecake
"

          Summer berry terrine        
",/recipes/3103/summer-berry-terrine
"

          Mashed carrots with Pernod        
",/recipes/8368/mashed-carrots-with-pernod
"

          Mediterranean-style bean salad         
",/recipes/2707/mediterraneanstyle-bean-salad-
"

          Spinach roulade with Boursin & sundried tomatoes        
",/recipes/4383/spinach-roulade-with-boursin-and-sundried-tomatoes
"

          Fragrant cucumber & yogurt soup        
",/recipes/2666/fragrant-cucumber-and-yogurt-soup
"

          Twisty cheese straws        
",/recipes/twisty-cheese-straws
"

          Picnic pie        
",/recipes/588658/picnic-pie
"

          Fright Night fancies        
",/recipes/fright-night-fancies
"

          Bombay potato & spinach pies        
",/recipes/1511718/bombay-potato-and-spinach-pies
"

          Striped chocolate Easter egg        
",/recipes/striped-chocolate-easter-egg
"

          Curly twirlies        
",/recipes/curly-twirlies
"

          Ratatouille with goat's cheese & herby crumble        
",/recipes/1210/ratatouille-with-goats-cheese-and-herby-crumble
"

          Steak & onion fajitas with sweetcorn salsa        
",/recipes/1959668/steak-and-onion-fajitas-with-sweetcorn-salsa
"

          Buttered Jerseys        
",/recipes/1897/buttered-jerseys
"

          Tray-baked potatoes        
",/recipes/1171/traybaked-potatoes
"

          Seared steak with rocket & wheat salad        
",/recipes/1627/seared-steak-with-rocket-and-wheat-salad
"

          Pick & mix noodle plate        
",/recipes/1580/pick-and-mix-noodle-plate
"

          Greek lamb tray bake        
",/recipes/1120675/greek-lamb-tray-bake
"

          Moroccan chicken one-pot        
",/recipes/2468641/moroccan-chicken-onepot
"

          Beef & red pepper burgers        
",/recipes/beef-red-pepper-burgers
"

          Cooking with kids: Chocolate cornflake cakes         
",/recipes/2451649/cooking-with-kids-chocolate-cornflake-cakes-
"

          Parsnip pancakes with honey & mustard dressing        
",/recipes/1108640/parsnip-pancakes-with-honey-and-mustard-dressing
"

          Baked mincemeat doughnuts        
",/recipes/147608/baked-mincemeat-doughnuts
"

          Herby garlic rolled pork with apple salad         
",/recipes/2104/herby-garlic-rolled-pork-with-apple-salad-
"

          Rhubarb & strawberry vodka        
",/recipes/rhubarb-strawberry-vodka
"

          Tomato & harissa stew with cheddar dumplings        
",/recipes/2940671/tomato-and-harissa-stew-with-cheddar-dumplings
"

          Flourless lemon & polenta drizzle cake        
",/recipes/flourless-lemon-polenta-drizzle-cake
"

          Marmalade muffins        
",/recipes/2534663/marmalade-muffins
"

          Mexican steak with homemade refried beans        
",/recipes/2249652/mexican-steak-with-homemade-refried-beans
"

          Instant vanilla ice cream        
",/recipes/2365638/instant-vanilla-ice-cream
"

          Stoved potatoes        
",/recipes/1299659/stoved-potatoes
"

          Jabron potatoes        
",/recipes/2460/jabron-potatoes
"

          Liver with wild mushrooms        
",/recipes/2539640/liver-with-wild-mushrooms
"

          Creamy tomato soup        
",/recipes/2604646/creamy-tomato-soup
"

          Welsh rarebit muffins        
",/recipes/3427/welsh-rarebit-muffins
"

          Soft-boiled eggs with chorizo soldiers        
",/recipes/soft-boiled-eggs-chorizo-soldiers
"

          Homemade Cajun tortillas        
",/recipes/2248655/homemade-cajun-tortillas
"

          Cheddar cheese & shallot pie with fennel seed pastry        
",/recipes/cheddar-cheese-shallot-pie-fennel-seed-pastry
"

          Chilli-ginger garnish        
",/recipes/1449/chilliginger-garnish
"

          Reggae reggae nachos        
",/recipes/11745/reggae-reggae-nachos
"

          Rhubarb & date chutney        
",/recipes/5885/rhubarb-and-date-chutney
"

          Baked Camembert with bacon-wrapped breadsticks        
",/recipes/baked-camembert-bacon-wrapped-breadsticks
"

          Cookie base classic s'mores        
",/recipes/cookie-base-classic-smores
"

          Sticky toffee banoffee cake        
",/recipes/1998/sticky-toffee-banoffee-cake
"

          Quick spiced shepherd's pie        
",/recipes/3208/quick-spiced-shepherds-pie
"

          Smoked haddock & leek risotto        
",/recipes/408651/smoked-haddock-and-leek-risotto
"

          Pistachio lamb koftas with apricot relish        
",/recipes/pistachio-lamb-koftas-apricot-relish
"

          Cranberry & orange meringue pie        
",/recipes/2768679/cranberry-and-orange-meringue-pie
"

          Warm stuffed avocados        
",/recipes/2962/warm-stuffed-avocados
"

          Peach Melba smoothie        
",/recipes/2220669/peach-melba-smoothie
"

          Pancetta-wrapped turkey breast with herby lemon & pine nut stuffing        
",/recipes/5040/pancettawrapped-turkey-breast-with-herby-lemon-and
"

          Pistachio & cranberry pork pie        
",/recipes/995633/pistachio-and-cranberry-pork-pie
"

          Meatballs with pesto mash        
",/recipes/7711/meatballs-with-pesto-mash
"

          Spaghetti with leeks, peas & pesto        
",/recipes/9799/spaghetti-with-leeks-peas-and-pesto
"

          Easy salmon sushi        
",/recipes/4956/easy-salmon-sushi
"

          Smoky tomato pepper salsa        
",/recipes/smoky-tomato-pepper-salsa
"

          Sweetcorn & smoked haddock chowder        
",/recipes/7417/sweetcorn-and-smoked-haddock-chowder
"

          Sweet chilli prawn stir-fry        
",/recipes/3548/sweet-chilli-prawn-stirfry
"

          Lobster with lemon & herb butter sauce        
",/recipes/lobster-lemon-herb-butter-sauce
"

          Crunchy baked tomato & onion gratin        
",/recipe/crunchy-baked-tomato-onion-gratin
"

          Peach Melba tartlets        
",/recipes/2616/peach-melba-tartlets
"

          Simple elegance wedding cake        
",/recipes/11278/simple-elegance-wedding-cake
"

          New season carrots with tarragon        
",/recipes/3028/new-season-carrots-with-tarragon
"

          Blackberry zabaglione        
",/recipes/12235/blackberry-zabaglione
"

          Chocolate macaroons        
",/recipes/252620/chocolate-macaroons
"

          Lentil & lamb moussaka        
",/recipes/1162663/lentil-and-lamb-moussaka
"

          Raspberry tart with almond pastry        
",/recipes/7048/raspberry-tart-with-almond-pastry
"

          Tex-Mex burrito        
",/recipes/1133665/texmex-burrito
"

          Mini Christmas cake        
",/recipes/2768690/mini-christmas-cake
"

          Spiced pumpkin soup        
",/recipes/843643/spiced-pumpkin-soup
"

          Skewered sardines with tartare dressing        
",/recipes/1511681/skewered-sardines-with-tartare-dressing
"

          Caramel ripple cheesecake cups         
",/recipes/1993663/caramel-ripple-cheesecake-cups-
"

          Fruity milk jellies        
",/recipes/fruity-milk-jellies
"

          Easiest-ever Battenberg        
",/recipes/easiest-ever-battenberg
"

          Sticky lemon chicken        
",/recipes/1246/sticky-lemon-chicken
"

          Leek, potato & bacon bake        
",/recipes/5912/leek-potato-and-bacon-bake
"

          Pan-fried duck breast with creamed cabbage, chestnuts & caramelised pear         
",/recipes/7603/panfried-duck-breast-with-creamed-cabbage-chestnut
"

          Crunchy fish goujons with skinny chips        
",/recipes/1363640/crunchy-fish-goujons-with-skinny-chips
"

          Tropical breakfast smoothie        
",/recipes/2810/tropical-breakfast-smoothie
"

          Italian broccoli & salmon bake        
",/recipes/1398/italian-broccoli-and-salmon-bake
"

          Pesto & courgette pasta bake        
",/recipe/pesto-courgette-pasta-bake
"

          Chocolate tart with honeycomb        
",/recipes/2534660/chocolate-tart-with-honeycomb
"

          Mustard-crusted breast of lamb        
",/recipes/335609/mustardcrusted-breast-of-lamb
"

          Corn cups with prawns, mango & chillies        
",/recipes/corn-cups-prawns-mango-chillies
"

          Baked dippy eggs        
",/recipes/420651/baked-dippy-eggs
"

          Chocolate soup        
",/recipes/3020688/chocolate-soup
"

          Croque madame        
",/recipes/1133644/croque-madame
"

          Plum & almond chutney        
",/recipes/1407/plum-and-almond-chutney
"

          Mint chutney        
",/recipes/1328/mint-chutney
"

          Piri-piri prawns        
",/recipes/4565/piripiri-prawns
"

          Pan-fried camembert sandwich        
",/recipes/2236/panfried-camembert-sandwich
"

          Spinach, sweet potato & lentil dhal        
",/recipes/spinach-sweet-potato-lentil-dhal
"

          Country terrine        
",/recipes/1162655/country-terrine
"

          Luxe fish pie        
",/recipes/luxe-fish-pie
"

          Roquefort toasts with peppered pears        
",/recipes/8262/roquefort-toasts-with-peppered-pears
"

          Chocolate fudge cake with angel frosting        
",/recipes/988639/chocolate-fudge-cake-with-angel-frosting
"

          Fruit & almond clafoutis        
",/recipes/3101/fruit-and-almond-clafoutis
"

          Lime curd tarts with summer berries        
",/recipes/2249651/lime-curd-tarts-with-summer-berries
"

          Hot lentils, cold trout        
",/recipes/1437/hot-lentils-cold-trout
"

          Jammy heart drops        
",/recipes/jammy-heart-drops
"

          Zesty lentil & haddock pilaf        
",/recipes/12216/zesty-lentil-and-haddock-pilaf
"

          Garlic & rosemary roast potatoes        
",/recipes/garlic-rosemary-roast-potatoes
"

          Crushed pea fish cakes with chilli-lime mayo        
",/recipes/12739/crushed-pea-fish-cakes-with-chillilime-mayo
"

          Herb & pepper crusted rib of beef        
",/recipes/1805651/herb-and-pepper-crusted-rib-of-beef
"

          Steaks in red wine sauce        
",/recipes/2025/steaks-in-red-wine-sauce
"

          Glitz & glam bauble fancies        
",/recipes/glitz-glam-bauble-fancies
"

          Radish confetti with salsa verde        
",/recipes/3147703/radish-confetti-with-salsa-verde
"

          Mexican lime chicken        
",/recipes/3112/mexican-lime-chicken
"

          Spicy roots        
",/recipes/2525/spicy-roots
"

          Flash-fried courgettes        
",/recipes/2647/flashfried-courgettes
"

          Easy apple tarts        
",/recipes/338606/easy-apple-tarts
"

          Amaretti & sultana cheesecake        
",/recipes/3028682/amaretti-and-sultana-cheesecake
"

          Date & red wine sauce         
",/recipes/2429/date-and-red-wine-sauce-
"

          Lentil & lemon fettuccine        
",/recipes/461632/lentil-and-lemon-fettuccine
"

          Peek-a-boo Battenberg cake        
",/recipes/2852685/peekaboo-battenberg-cake
"

          Rhubarb & strawberry cobbler with orange cream        
",/recipes/10858/rhubarb-and-strawberry-cobbler-with-orange-cream
"

          Raita        
",/recipes/raita
"

          Roasted cauliflower & hazelnut carbonara        
",/recipes/roasted-cauliflower-hazelnut-carbonara
"

          Smoked haddock & chorizo salad        
",/recipes/smoked-haddock-chorizo-salad
"

          Elderflower, lemon & vanilla cordial        
",/recipes/2137638/elderflower-lemon-and-vanilla-cordial
"

          Spinach & ham scrambled eggs        
",/recipes/1722/spinach-and-ham-scrambled-eggs
"

          Potato wedge tortilla        
",/recipes/1486/potato-wedge-tortilla
"

          Courgette & halloumi skewers        
",/recipes/2358656/courgette-and-halloumi-skewers
"

          Upside-down banana cake with maple-caramel sauce        
",/recipes/upside-down-banana-cake-maple-caramel-sauce
"

          St David's leek & chicken hotpot        
",/recipes/3073/st-davids-leek-and-chicken-hotpot
"

          Baked buffalo chicken wings        
",/recipes/1803651/baked-buffalo-chicken-wings
"

          Bean & pepper chilli        
",/recipes/2536654/bean-and-pepper-chilli
"

          BBQ vegetables with goat's cheese        
",/recipes/2981/bbq-vegetables-with-goats-cheese
"

          Apricot & raspberry tart        
",/recipes/588645/apricot-and-raspberry-tart
"

          Apple crisps        
",/recipes/apple-crisps
"

          Spicy lamb with warm couscous        
",/recipes/2698/spicy-lamb-with-warm-couscous
"

          Ginger & pear bread & butter pudding        
",/recipes/3156/ginger-and-pear-bread-and-butter-pudding
"

          Sticky chocolate drop cakes        
",/recipes/11269/sticky-chocolate-drop-cakes
"

          Filo triangles with artichoke, feta and mint        
",/recipes/4286/filo-triangles-with-artichoke-feta-and-mint
"

          Cheese, leek & potato pide        
",/recipes/cheese-leek-potato-pide
"

          Pork rillettes        
",/recipes/christmas-pork-rillettes
"

          Braised ox cheek Wellingtons with peppercorn gravy        
",/recipes/braised-ox-cheek-wellingtons-peppercorn-gravy
"

          Pumpkin & ginger teabread        
",/recipes/1018/pumpkin-and-ginger-teabread
"

          Creamy salmon & sugar snap pasta        
",/recipes/7029/creamy-salmon-and-sugar-snap-pasta
"

          Lamb burgers with tzatziki        
",/recipes/3145676/lamb-burgers-with-tzatziki
"

          Poached salmon with pink grapefruit & basil sauce        
",/recipes/2451/poached-salmon-with-pink-grapefruit-and-basil-sauc
"

          Truffle macancini        
",/recipes/truffle-macancini
"

          Pistachio & cardamom butter        
",/recipes/pistachio-and-cardamom-butter
"

          Hot corncakes with avocado, bacon & basil        
",/recipes/6379/hot-corncakes-with-avocado-bacon-and-basil
"

          Berry Bircher        
",/recipes/berry-bircher
"

          Hearty winter veg soup        
",/recipes/3025/hearty-winter-veg-soup
"

          Malt chocolate ice cream with Oreo cookie crunch        
",/recipes/402621/malt-chocolate-ice-cream-with-oreo-cookie-crunch
"

          Pizza puff pinwheels        
",/recipes/1463/pizza-puff-pinwheels
"

          Quick chocolate & nut cake        
",/recipes/2159/quick-chocolate-and-nut-cake
"

          Chargrilled mackerel with sweet & sour beetroot        
",/recipes/chargrilled-mackerel-sweet-sour-beetroot
"

          Frying pan pizza bianco with mushrooms & egg        
",/recipes/frying-pan-pizza-bianco-mushrooms-egg
"

          Superfood pasta salad        
",/recipes/7031/superfood-pasta-salad
"

          Simple ivy cake        
",/recipes/72625/simple-ivy-cake
"

          Tomato sauce        
",/recipes/2852676/tomato-sauce
"

          Trout & spelt salad with watercress        
",/recipes/trout-spelt-salad-watercress
"

          Ham & veg crumble        
",/recipes/ham-veg-crumble
"

          Chestnut & shallot Tatins with mushroom & Madeira sauce        
",/recipes/chestnut-shallot-tatins-mushroom-madeira-sauce
"

          Thyme & caramelised onion mini Scotch eggs        
",/recipes/thyme-caramelised-onion-mini-scotch-eggs
"

          Brummie bacon cakes        
",/recipes/brummie-bacon-cakes
"

          Spiced lamb & coconut pilaf        
",/recipes/725643/spiced-lamb-and-coconut-pilaf
"

          Moroccan chard & lamb pan-fry        
",/recipes/2640/moroccan-chard-and-lamb-panfry
"

          Apricot yogurt fool        
",/recipes/2392/apricot-yogurt-fool
"

          Chorizo jam        
",/recipes/chorizo-jam
"

          Winter pilaf        
",/recipes/1008635/winter-pilaf
"

          Bramley & blackberry pie        
",/recipes/bramley-blackberry-pie
"

          Apple & cranberry chutney        
",/recipes/8028/apple-and-cranberry-chutney
"

          Red wine risotto        
",/recipes/1274/red-wine-risotto
"

          Rhubarb spice cake        
",/recipes/5881/rhubarb-spice-cake
"

          Roasted chicken with creamy walnut sauce        
",/recipes/164606/roasted-chicken-with-creamy-walnut-sauce
"

          Guinness, treacle & ginger pudding        
",/recipes/2604660/guinness-treacle-and-ginger-pudding
"

          Wedding cake - rich dark chocolate cake        
",/recipes/4577/wedding-cake-rich-dark-chocolate-cake
"

          Simple chocolate button egg        
",/recipes/5808/simple-chocolate-button-egg
"

          Sugar-crusted lamb        
",/recipes/1484/sugarcrusted-lamb
"

          Gingerbread haunted house        
",/recipes/gingerbread-haunted-house
"

          Crispy prawns with wasabi mayo & sweet chilli pepper dip        
",/recipes/9102/crispy-prawns-with-wasabi-mayo-and-sweet-chilli-pe
"

          Tiramisu with honeycomb crunch        
",/recipes/251629/tiramisu-with-honeycomb-crunch
"

          Best-ever macaroni cheese        
",/recipes/8834/bestever-macaroni-cheese
"

          Speedy red pepper chana masala        
",/recipes/speedy-red-pepper-chana-masala
"

          Pearled spelt with tarragon & red grapes        
",/recipes/pearled-spelt-tarragon-red-grapes
"

          Beer-braised short ribs        
",/recipes/beer-braised-short-ribs
"

          Raspberry oat traybake        
",/recipes/1414647/raspberry-oat-traybake
"

          Buttermilk fried chicken        
",/recipes/buttermilk-fried-chicken
"

          Red velvet cake        
",/recipes/1912636/red-velvet-cake
"

          Spicy prawn soup        
",/recipes/4831/spicy-prawn-soup
"

          Honey & almond layer cake        
",/recipes/honey-almond-layer-cake
"

          Indian spiced barbecued lamb        
",/recipes/531671/indian-spiced-barbecued-lamb
"

          Roast chicken         
",/recipes/3422/roast-chicken-
"

          Frothy cannellini soup        
",/recipes/1764/frothy-cannellini-soup
"

          Pancetta-wrapped trout        
",/recipes/5134/pancettawrapped-trout
"

          Indian beef keema with carrots & potatoes        
",/recipes/indian-beef-keema-carrots-potatoes
"

          Oriental duck salad         
",/recipes/4703/oriental-duck-salad-
"

          Carrot & coriander soup        
",/recipes/7003/carrot-and-coriander-soup
"

          Clementine poppy seed loaf        
",/recipes/clementine-poppy-seed-loaf
"

          Forgotten cookies        
",/recipes/4401/forgotten-cookies
"

          Healthy coleslaw        
",/recipes/4668/healthy-coleslaw
"

          Rack of lamb with lentils & Jack-by-the-hedge sauce        
",/recipes/2137637/rack-of-lamb-with-lentils-and-jackbythehedge-sauce
"

          Brown rice stir-fry with coriander omelette        
",/recipes/487629/brown-rice-stirfry-with-coriander-omelette
"

          Spiced lamb kebabs with pea & herb couscous        
",/recipes/spiced-lamb-kebabs-pea-herb-couscous
"

          Lemon & fennel pork meatballs        
",/recipes/lemon-fennel-pork-meatballs
"

          Zesty carrot & ginger loaf        
",/recipes/749701/zesty-carrot-and-ginger-loaf
"

          Jewelled fruit, nut & seed cake        
",/recipes/3050/jewelled-fruit-nut-and-seed-cake
"

          Cashew chicken stir-fry        
",/recipes/cashew-chicken-stir-fry
"

          Pear & gorgonzola crostini        
",/recipes/2675/pear-and-gorgonzola-crostini
"

          Basil scramble with wilted spinach & seared tomatoes        
",/recipes/basil-scramble-wilted-spinach-seared-tomatoes
"

          Quick cottage pie        
",/recipes/1559/quick-cottage-pie
"

          Harissa prawn skewers with carroty couscous        
",/recipes/3161696/harissa-prawn-skewers-with-carroty-couscous
"

          Easy Thai prawn curry        
",/recipes/7418/easy-thai-prawn-curry
"

          Buttery caraway carrots        
",/recipes/4965/buttery-caraway-carrots
"

          Creamy chicken with asparagus & tarragon        
",/recipes/2220657/creamy-chicken-with-asparagus-and-tarragon
"

          Crushed potatoes with rocket & lemon        
",/recipes/2156/crushed-potatoes-with-rocket-and-lemon
"

          Easy chocolate cupcakes        
",/recipes/9651/easy-chocolate-cupcakes
"

          Hot & sour aubergine        
",/recipes/hot-sour-aubergine
"

          Oysters with oriental dressing        
",/recipes/1805643/oysters-with-oriental-dressing
"

          Chicken with Parmesan crumbs        
",/recipes/3110/chicken-with-parmesan-crumbs
"

          Really fruity strawberry jam        
",/recipes/6369/really-fruity-strawberry-jam
"

          Faggots with onion gravy        
",/recipes/2552644/faggots-with-onion-gravy
"

          Classic iced holly cake        
",/recipes/classic-iced-holly-cake
"

          Creamy baked onions        
",/recipes/3194/creamy-baked-onions
"

          Kedgeree with poached egg        
",/recipes/kedgeree-poached-egg
"

          Chipotle chicken tacos with pineapple salsa        
",/recipes/chipotle-chicken-tacos-pineapple-salsa
"

          Selection of summer sandwiches        
",/recipes/11696/selection-of-summer-sandwiches
"

          Butter bean, grilled courgette, roast red pepper & chorizo salad        
",/recipes/1414642/butter-bean-grilled-courgette-roast-red-pepper-and
"

          Dad's chocolate drop cakes        
",/recipes/4437/dads-chocolate-drop-cakes
"

          Roast fish with chickpeas & ginger        
",/recipes/2872/roast-fish-with-chickpeas-and-ginger
"

          Crunchy smoked sweet potato chips        
",/recipes/crunchy-smoked-sweet-potato-chips
"

          Spiced rice & beans        
",/recipes/420622/spiced-rice-and-beans
"

          Plum & apple cobbler        
",/recipes/1412/plum-and-apple-cobbler
"

          Little frosty Christmas cakes        
",/recipes/2562/little-frosty-christmas-cakes
"

          Meringue mousse base        
",/recipes/2459/meringue-mousse-base
"

          Chocolate praline pancake cake        
",/recipes/1135635/chocolate-praline-pancake-cake
"

          Green tomato chutney        
",/recipes/janes-green-tomato-chutney
"

          Dutch baby pancake with drunken cherries        
",/recipes/dutch-baby-pancake-drunken-cherries
"

          Warm duck salad with Merlot dressing        
",/recipes/11021/warm-duck-salad-with-merlot-dressing
"

          Lemony mushroom & herb rice        
",/recipes/3240/lemony-mushroom-and-herb-rice
"

          Snow-topped holly cakes        
",/recipes/72621/snowtopped-holly-cakes
"

          Steamed pork & prawn wontons        
",/recipes/2118/steamed-pork-and-prawn-wontons
"

          Sticky citrus sponge cake        
",/recipes/1129667/sticky-citrus-sponge-cake
"

          Chilli & ginger squash with kale & quinoa        
",/recipes/chilli-ginger-squash-kale-quinoa
"

          Open flower dumplings        
",/recipes/9104/open-flower-dumplings
"

          Butter bean, cucumber & radish salad        
",/recipes/butter-bean-cucumber-radish-salad
"

          Spiced herb & almond couscous        
",/recipes/4440/spiced-herb-and-almond-couscous
"

          Prosciutto & pesto fish gratin        
",/recipes/764650/prosciutto-and-pesto-fish-gratin
"

          Cherry choc muffins        
",/recipes/1803635/cherry-choc-muffins
"

          Satay chicken pieces        
",/recipes/691639/satay-chicken-pieces
"

          Stuffed red peppers        
",/recipes/stuffed-red-peppers
"

          Warm choc-orange tarts with orange ice cream        
",/recipes/1161640/warm-chocorange-tarts-with-orange-ice-cream
"

          Pear, blue cheese & walnut sandwich topper        
",/recipes/pear-blue-cheese-walnut-sandwich-topper
"

          Melty cheese fondue pot        
",/recipes/melty-cheese-fondue-pot
"

          Sausage & spring mash pie        
",/recipes/5888/sausage-and-spring-mash-pie
"

          Asian quinoa stir-fry        
",/recipes/asian-quinoa-stir-fry
"

          The ultimate makeover: Tiramisu        
",/recipes/1514651/the-ultimate-makeover-tiramisu
"

          Nice 'n' icy crumble        
",/recipes/3125/nice-n-icy-crumble
"

          Malt chocolate cheesecake        
",/recipes/988642/malt-chocolate-cheesecake
"

          Lamb, feta & mint salad        
",/recipes/11641/lamb-feta-and-mint-salad
"

          Sweet potato & butternut squash soup with lemon & garlic toast        
",/recipes/sweet-potato-butternut-squash-soup-lemon-garlic-toast
"

          Chicken & sweetcorn egg-fried rice        
",/recipes/chicken-sweetcorn-egg-fried-rice
"

          Crispy Mongolian lamb        
",/recipes/1135657/crispy-mongolian-lamb
"

          Honey & thyme tomatoes        
",/recipes/3509/honey-and-thyme-tomatoes
"

          Mini salt beef bagels        
",/recipes/mini-salt-beef-bagels
"

          Asian lamb & grapefruit noodle salad with ginger dressing        
",/recipes/asian-lamb-grapefruit-noodle-salad-ginger-dressing
"

          Fruity cookies        
",/recipes/12420/fruity-cookies
"

          Barbecued Greek lamb with tzatziki        
",/recipes/2220672/barbecued-greek-lamb-with-tzatziki
"

          Summer crunch salad         
",/recipes/4473/summer-crunch-salad-
"

          Ten-minute tuna pizza         
",/recipes/2058/tenminute-tuna-pizza-
"

          Creamy sausage & rocket linguine        
",/recipes/449618/creamy-sausage-and-rocket-linguine
"

          Sausages with creamy lentils        
",/recipes/1065/sausages-with-creamy-lentils
"

          Passion loaf with coconut cream cheese icing        
",/recipes/passion-loaf-coconut-cream-cheese-icing
"

          Feelgood fish cakes        
",/recipes/230609/feelgood-fish-cakes
"

          Raspberry caramel ombre cake        
",/recipes/raspberry-caramel-ombre-cake
"

          Peppered steak tortilla salad        
",/recipes/453621/peppered-steak-tortilla-salad
"

          Chinese leaf pork wraps        
",/recipes/chinese-leaf-pork-wraps
"

          One-pan duck with Savoy cabbage        
",/recipes/6679/onepan-duck-with-savoy-cabbage
"

          Cheese & tomato macaroni with chipolatas        
",/recipes/cheese-tomato-macaroni-chipolatas
"

          Superhealthy pizza        
",/recipes/10117/superhealthy-pizza
"

          Pizza omelette        
",/recipes/3451/pizza-omelette
"

          Butternut squash salad        
",/recipes/1572649/butternut-squash-salad
"

          Christmas morning spiced bread        
",/recipes/2257/christmas-morning-spiced-bread
"

          Dad's special supper        
",/recipes/2396/dads-special-supper
"

          Citrus grape cake        
",/recipes/7608/citrus-grape-cake
"

          Stuffed chicken with lemon, capers & chilli        
",/recipes/2472642/stuffed-chicken-with-lemon-capers-and-chilli
"

          Roast carrot soup with pancetta croutons        
",/recipes/2837675/roast-carrot-soup-with-pancetta-croutons
"

          Stuffed & grilled vegetable bites        
",/recipes/stuffed-grilled-vegetable-bites
"

          Sticky pork belly with green papaya salad & chilli lime dressing        
",/recipes/sticky-pork-belly-green-papaya-salad-chilli-lime-dressing
"

          Basic hollandaise        
",/recipes/2438/basic-hollandaise
"

          Creamy tomato risotto        
",/recipes/creamy-tomato-risotto
"

          Oven-baked risotto         
",/recipes/2818/ovenbaked-risotto-
"

          Mushroom, sherry & grain mustard sauce        
",/recipes/2478/mushroom-sherry-and-grain-mustard-sauce
"

          Spicy chicken salad with broccoli        
",/recipes/5174/spicy-chicken-salad-with-broccoli
"

          Peachy Coronation chicken crostini        
",/recipes/2588/peachy-coronation-chicken-crostini
"

          Naan, spinach & halloumi bites        
",/recipes/naan-spinach-halloumi-bites
"

          Fried egg Milanese        
",/recipes/fried-egg-milanese
"

          Fennel-crusted pork chops with winter celeriac slaw        
",/recipes/1959645/fennelcrusted-pork-chops-with-winter-celeriac-slaw
"

          Classic jacket potatoes        
",/recipes/1656645/classic-jacket-potatoes
"

          Buttery sage & onion sprouts        
",/recipes/2831663/buttery-sage-and-onion-sprouts
"

          Tuna sweetcorn burgers        
",/recipes/5863/tuna-sweetcorn-burgers
"

          Cappuccino cake        
",/recipes/696633/cappuccino-cake
"

          Salt duck with spinach, potatoes & bacon        
",/recipes/2220643/salt-duck-with-spinach-potatoes-and-bacon
"

          Fidget pie        
",/recipes/847643/fidget-pie
"

          Linguine with tuna sauce        
",/recipes/3087/linguine-with-tuna-sauce
"

          Salmon, fennel & lime plates        
",/recipes/1805662/salmon-fennel-and-lime-plates
"

          John Torode's big burger        
",/recipes/1263663/john-torodes-big-burger
"

          Coconut fish curry        
",/recipes/coconut-fish-curry
"

          Very berry ice        
",/recipes/2466/very-berry-ice
"

          Chicken & quinoa salad with beetroot yogurt        
",/recipe/chicken-quinoa-salad-beetroot-yogurt
"

          Quick banana ice cream        
",/recipes/1363649/quick-banana-ice-cream
"

          Crunchy courgette pickle        
",/recipes/681665/crunchy-courgette-pickle
"

          Duck au vin        
",/recipes/335632/duck-au-vin
"

          Creamy pesto chicken with roasted tomatoes        
",/recipes/10416/creamy-pesto-chicken-with-roasted-tomatoes
"

          Simple simnel cake        
",/recipes/3474/simple-simnel-cake
"

          Pasta & mixed peppers with walnut & lemon pesto        
",/recipes/1455/pasta-and-mixed-peppers-with-walnut-and-lemon-pest
"

          Roasted tomato & mascarpone soup          
",/recipes/1993660/roasted-tomato-and-mascarpone-soup-
"

          Tuna, asparagus & white bean salad        
",/recipes/10377/tuna-asparagus-and-white-bean-salad
"

          Beef & stout stew with carrots        
",/recipes/13349/beef-and-stout-stew-with-carrots
"

          Basil & coconut salmon with spiced couscous        
",/recipes/basil-coconut-salmon-spiced-couscous
"

          Caramel button cupcakes        
",/recipes/caramel-button-cupcakes
"

          Braised lettuce with peas        
",/recipes/1659/braised-lettuce-with-peas
"

          Rosti-topped fish pie        
",/recipes/313606/rostitopped-fish-pie
"

          Late-summer tomato & carrot salad        
",/recipes/late-summer-tomato-carrot-salad
"

          Cauliflower & onion cream        
",/recipes/2561/cauliflower-and-onion-cream
"

          Lightly spiced Christmas stuffing        
",/recipes/2965/lightly-spiced-christmas-stuffing
"

          Tangy cabbage slaw        
",/recipes/tangy-cabbage-slaw
"

          Pizza pasta salad        
",/recipes/pizza-pasta-salad
"

          Spinach omelette chapati wraps        
",/recipes/spinach-omelette-chapati-wraps
"

          Bloody Mary pepper prawns        
",/recipes/bloody-mary-pepper-prawns
"

          Polenta & mushroom tart        
",/recipes/polenta-mushroom-tart
"

          Roasted peppers with tomatoes & anchovies        
",/recipes/12355/roasted-peppers-with-tomatoes-and-anchovies
"

          Summer pudding trifles        
",/recipes/7051/summer-pudding-trifles
"

          Mediterranean vegetables with lamb        
",/recipes/1162648/mediterranean-vegetables-with-lamb
"

          Pigeon & hedgerow salad        
",/recipes/12232/pigeon-and-hedgerow-salad
"

          Linguine & pesto frittata        
",/recipes/4949/linguine-and-pesto-frittata
"

          Aromatic steamed salmon        
",/recipes/2683/aromatic-steamed-salmon
"

          Pink strawberry cheesecake        
",/recipes/2442/pink-strawberry-cheesecake
"

          Cheeky chicken satay        
",/recipe/cheeky-chicken-satay
"

          Spiced chickpea & potato fry-up        
",/recipes/9063/spiced-chickpea-and-potato-fryup
"

          Swirly lemon drizzle fingers        
",/recipes/9076/swirly-lemon-drizzle-fingers
"

          Onion soup with cheese & herb toasts        
",/recipes/1128655/onion-soup-with-cheese-and-herb-toasts
"

          Luscious lemon baked cheesecake        
",/recipes/9653/luscious-lemon-baked-cheesecake
"

          Mexican veggie wraps        
",/recipes/1039637/mexican-veggie-wraps
"

          Really simple cranberry sauce        
",/recipes/8362/really-simple-cranberry-sauce
"

          Parsnip & celeriac bake        
",/recipes/3061/parsnip-and-celeriac-bake
"

          Curried lentil, parsnip & apple soup        
",/recipes/curried-lentil-parsnip-apple-soup
"

          Crispy duck & baked apples        
",/recipes/2425/crispy-duck-and-baked-apples
"

          Satay cauliflower & chickpea curry with storecupboard flatbreads        
",/recipes/satay-cauliflower-chickpea-curry-storecupboard-flatbreads
"

          Porcini-rubbed steak        
",/recipes/4804/porcinirubbed-steak
"

          Baked sweet potatoes with easy chilli & soured cream        
",/recipes/884635/baked-sweet-potatoes-with-easy-chilli-and-soured-c
"

          Roasted pepper linguine with crisp crumbs        
",/recipes/roasted-pepper-linguine-crisp-crumbs
"

          Spiced scrambled eggs        
",/recipes/748652/spiced-scrambled-eggs
"

          Clementine & prosecco jellies        
",/recipes/896661/clementine-and-prosecco-jellies
"

          Choc-cherry fudge torte with cherry sorbet        
",/recipes/2767670/choccherry-fudge-torte-with-cherry-sorbet
"

          Paella fried rice        
",/recipes/6010/paella-fried-rice
"

          Spicy mince & lettuce cups        
",/recipes/6593/spicy-mince-and-lettuce-cups
"

          Poached beef & noodles (Gyudon)        
",/recipes/poached-beef-noodles-gyudon
"

          Potato wedges with curry sauce        
",/recipes/4854/potato-wedges-with-curry-sauce
"

          Apple & blueberry Bircher        
",/recipes/1755652/apple-and-blueberry-bircher
"

          Salmon & cucumber sushi rolls        
",/recipes/2555636/salmon-and-cucumber-sushi-rolls
"

          Orange, carrot & mint soup         
",/recipes/3272/orange-carrot-and-mint-soup-
"

          Strawberry & Prosecco ice lollies        
",/recipes/strawberry-prosecco-ice-pops
"

          Elderflower panna cotta with strawberries & brown butter crumble        
",/recipes/elderflower-panna-cotta-strawberries-brown-butter-crumble
"

          Trout traybake with minty hollandaise        
",/recipe/trout-traybake-minty-hollandaise
"

          Tomato & feta pesto bites        
",/recipes/2220/tomato-and-feta-pesto-bites
"

          Chocolate bat biscuits        
",/recipes/chocolate-bat-biscuits
"

          Ginger flapjacks        
",/recipes/2540637/ginger-flapjacks
"

          Wild rice & feta salad        
",/recipes/5167/wild-rice-and-feta-salad
"

          Moroccan chicken with sweet potato mash        
",/recipes/764636/moroccan-chicken-with-sweet-potato-mash
"

          Red pepper houmous with crispbread snaps        
",/recipes/red-pepper-houmous-crispbread-snaps
"

          Mulled pears with Roquefort dressing        
",/recipes/12423/mulled-pears-with-roquefort-dressing
"

          Creamy rice with double apricots        
",/recipes/1454/creamy-rice-with-double-apricots
"

          Sichuan pork, broccoli & cashew stir-fry        
",/recipes/sichuan-pork-broccoli-cashew-stir-fry
"

          Spaghetti omelette         
",/recipes/586650/spaghetti-omelette-
"

          Fresh salmon carpaccio        
",/recipes/13362/fresh-salmon-carpaccio
"

          Full English pizza        
",/recipes/1570638/full-english-pizza
"

          Rhubarb crumble trifle        
",/recipes/rhubarb-crumble-trifle
"

          Sugar plums        
",/recipes/12809/sugar-plums
"

          Little blueberry puddings with lemon curd sauce        
",/recipes/784635/little-blueberry-puddings-with-lemon-curd-sauce
"

          Lemony roast chicken couscous        
",/recipes/2363/lemony-roast-chicken-couscous
"

          Rainbow fruit skewers        
",/recipes/rainbow-fruit-skewers
"

          Roasted tomato, basil & Parmesan quiche        
",/recipes/6295/roasted-tomato-basil-and-parmesan-quiche
"

          Victorian diable sandwich        
",/recipes/victorian-diable-sandwich
"

          Italian sausage stew with rosemary garlic mash        
",/recipes/873634/italian-sausage-stew-with-rosemary-garlic-mash
"

          Crispy squid with capers        
",/recipes/5393/crispy-squid-with-capers
"

          Bang bang prawn salad        
",/recipes/1167650/bang-bang-prawn-salad
"

          Lamb & mango curry        
",/recipes/lamb-mango-curry
"

          Black & white brownies        
",/recipes/black-white-brownies
"

          Smoked salmon parcels with fennel & walnut salad        
",/recipes/4623/smoked-salmon-parcels-with-fennel-and-walnut-salad
"

          Raggmunk        
",/recipes/raggmunk
"

          Tex-Mex beans        
",/recipes/681636/texmex-beans
"

          Crunchy corn & pepper salsa        
",/recipes/1094661/crunchy-corn-and-pepper-salsa
"

          Moroccan-style chicken with carrot & orange salad        
",/recipes/9796/moroccanstyle-chicken-with-carrot-and-orange-salad
"

          Jam roly-poly        
",/recipes/13354/jam-rolypoly
"

          Lemon meringue cake        
",/recipes/lemon-meringue-cake
"

          Herby lamb with roast aubergine & Puy lentils        
",/recipes/herby-lamb-roast-aubergine-puy-lentils
"

          Lemon & lavender fondant fancies        
",/recipes/2958673/lemon-and-lavender-fondant-fancies
"

          Lamb cutlets with lentil & feta salad        
",/recipes/5597/lamb-cutlets-with-lentil-and-feta-salad
"

          Green beans with mustard, lemon & mint        
",/recipes/green-beans-mustard-lemon-mint
"

          Crisp-fried rabbit with herb mayonnaise        
",/recipes/crisp-fried-rabbit-herb-mayonnaise
"

          Bubble & squeak        
",/recipes/164622/bubble-and-squeak
"

          Steamed lemon tilapia with teriyaki sauce        
",/recipes/1364633/steamed-lemon-tilapia-with-teriyaki-sauce
"

          Chocolate fudge cupcakes        
",/recipes/470642/chocolate-fudge-cupcakes
"

          Risotto with peas & broad beans        
",/recipes/1267655/risotto-with-peas-and-broad-beans
"

          Goat's cheese & bacon rosti        
",/recipes/1679/goats-cheese-and-bacon-rosti
"

          Tandoori chicken        
",/recipes/1660651/tandoori-chicken
"

          Spiced roast side of salmon        
",/recipes/2252645/spiced-roast-side-of-salmon
"

          Trout risotto        
",/recipes/2988677/trout-risotto
"

          Tangy onion chutney         
",/recipes/2642/tangy-onion-chutney-
"

          Salmon nuggets with sweet potato chips        
",/recipe/salmon-nuggets-sweet-potato-chips
"

          Baileys banana trifles        
",/recipes/890640/baileys-banana-trifles
"

          Garlic & mushroom burgers        
",/recipes/4013/garlic-and-mushroom-burgers
"

          Smashed curried marrow        
",/recipes/smashed-curried-marrow
"

          Individual strawberry & almond tarts        
",/recipes/10787/individual-strawberry-and-almond-tarts
"

          Malai kofta with spicy gravy        
",/recipes/1648652/malai-kofta-with-spicy-gravy
"

          Cranberry oatcakes        
",/recipes/4944/cranberry-oatcakes
"

          Creamy fish & mussel soup        
",/recipes/3561/creamy-fish-and-mussel-soup
"

          Microwave chilli        
",/recipes/microwave-chilli
"

          Feed-a-crowd kedgeree biryani        
",/recipes/feed-crowd-kedgeree-biryani
"

          Salt beef on rye bread with mustard sauce        
",/recipes/1805664/salt-beef-on-rye-bread-with-mustard-sauce
"

          Celeriac tartare with smoked trout        
",/recipes/845642/celeriac-tartare-with-smoked-trout
"

          Pea & potato crush        
",/recipes/415616/pea-and-potato-crush
"

          Healthier potato salad        
",/recipes/2536657/healthier-potato-salad
"

          Brazil nut & banana crunch Saturdaes        
",/recipes/13361/brazil-nut-and-banana-crunch-saturdaes
"

          Shredded chicken, green bean & barley salad with paprika & lemon        
",/recipes/11638/shredded-chicken-green-bean-and-barley-salad-with-
"

          Lightest ever meringues        
",/recipes/473629/lightest-ever-meringues
"

          Chocolate & hazelnut praline tart        
",/recipes/5719/chocolate-and-hazelnut-praline-tart
"

          Frango churrasco (Grilled lemon & garlic chicken)        
",/recipes/frango-churrasco-grilled-lemon-garlic-chicken
"

          White bean, parsley & garlic mash        
",/recipes/5530/white-bean-parsley-and-garlic-mash
"

          Spinach & ricotta slice        
",/recipes/2766667/spinach-and-ricotta-slice
"

          Spiced trout with sweet potato chips        
",/recipes/487633/spiced-trout-with-sweet-potato-chips
"

          Vanilla & poppy seed swirl cake        
",/recipes/vanilla-poppy-seed-swirl-cake
"

          Frosted coriander sprigs        
",/recipes/2697/frosted-coriander-sprigs
"

          Griddled asparagus with prawns & rouille        
",/recipes/2249647/griddled-asparagus-with-prawns-and-rouille
"

          Peanut houmous with fruit & veg sticks        
",/recipes/peanut-houmous-fruit-veg-sticks
"

          Herby root vegetable gratin        
",/recipes/herby-root-vegetable-gratin
"

          Caramelised figgy bread & butter pudding        
",/recipes/caramelised-figgy-bread-butter-pudding
"

          Bubble & squeak cakes        
",/recipes/3033/bubble-and-squeak-cakes
"

          Spiced glazed pineapple with cinnamon fromage frais         
",/recipes/235607/spiced-glazed-pineapple-with-cinnamon-fromage-frai
"

          Hot-smoked salmon picnic loaf        
",/recipe/hot-smoked-salmon-picnic-loaf
"

          Quick beef & broccoli one-pot        
",/recipes/1588/quick-beef-and-broccoli-onepot
"

          Warm lemon & thyme chicken salad        
",/recipes/2497/warm-lemon-and-thyme-chicken-salad
"

          Vitamin booster smoothie        
",/recipes/vitamin-booster-smoothie
"

          Double chocolate loaf cake        
",/recipes/694633/double-chocolate-loaf-cake
"

          Tarragon salmon with crispy root chips        
",/recipes/9798/tarragon-salmon-with-crispy-root-chips
"

          Fruity rice with toasted cashews        
",/recipes/3506/fruity-rice-with-toasted-cashews
"

          Granny Martin's Christmas puddings         
",/recipes/13376/granny-martins-christmas-puddings-
"

          Roast chicken with whole garlic, bay & white wine        
",/recipes/468650/roast-chicken-with-whole-garlic-bay-and-white-wine
"

          Ham hock & mustard terrine        
",/recipes/1788642/ham-hock-and-mustard-terrine
"

          Tuna balls with pea & sweetcorn pasta        
",/recipes/1445/tuna-balls-with-pea-and-sweetcorn-pasta
"

          Leek & tomato eggy bread bake        
",/recipes/leek-tomato-eggy-bread-bake
"

          Peach Melba pots        
",/recipe/peach-melba-pots
"

          Curried aubergine & potato pie        
",/recipes/1261/curried-aubergine-and-potato-pie
"

          Lemon & violet drizzle cake        
",/recipes/3066/lemon-and-violet-drizzle-cake
"

          Pretzel popcorn squares        
",/recipes/2248658/pretzel-popcorn-squares
"

          New potatoes with cheddar cheese sauce        
",/recipes/new-potatoes-cheddar-cheese-sauce
"

          Pork & pineapple skewers with ancho glaze & salsa        
",/recipes/pork-pineapple-skewers-ancho-glaze-salsa
"

          Homemade custard        
",/recipes/2554644/homemade-custard
"

          Maple & mustard glazed ham        
",/recipes/3032/maple-and-mustard-glazed-ham
"

          Spicy roast veg & lentils        
",/recipes/spicy-roast-veg-lentils-0
"

          Chocolate chip hot cross buns        
",/recipes/chocolate-chip-hot-cross-buns
"

          Rhubarb & orange slump        
",/recipes/5883/rhubarb-and-orange-slump
"

          Lighter lamb burgers with smoky oven chips        
",/recipes/10384/lighter-lamb-burgers-with-smoky-oven-chips
"

          Chicken parmigiana        
",/recipes/1267633/chicken-parmigiana
"

          Cranberry, pumpkin seed & caramel flapjacks        
",/recipes/cranberry-pumpkin-seed-caramel-flapjacks
"

          Day of the Dead biscuits        
",/recipes/day-dead-biscuits
"

          BBQ roast chicken & chunky chips        
",/recipes/5927/bbq-roast-chicken-and-chunky-chips
"

          Lamb steaks with houmous new potatoes        
",/recipes/5861/lamb-steaks-with-houmous-new-potatoes
"

          Harissa couscous        
",/recipes/8163/harissa-couscous
"

          Snowball dippers        
",/recipes/snowball-dippers
"

          Peppered chicken with watercress        
",/recipes/3964/peppered-chicken-with-watercress
"

          Festive date & pecan pudding        
",/recipes/4962/festive-date-and-pecan-pudding
"

          Ginger noodles with chicken & hoisin aubergines        
",/recipes/ginger-noodles-chicken-hoisin-aubergines
"

          Shortcrust pastry case        
",/recipes/1269633/shortcrust-pastry-case
"

          Peppermint candy biscuits        
",/recipes/2837664/peppermint-candy-biscuits
"

          Simple nutty pancakes        
",/recipes/simple-nutty-pancakes
"

          Roasted spiced cauliflower        
",/recipes/roasted-spiced-cauliflower
"

          Teriyaki beef & lettuce cups        
",/recipes/4662/teriyaki-beef-and-lettuce-cups
"

          Lamb cutlets with herb relish        
",/recipes/6496/lamb-cutlets-with-herb-relish
"

          Potato & Savoy cabbage soup with bacon        
",/recipes/4772/potato-and-savoy-cabbage-soup-with-bacon
"

          Red chicory, pear & hazelnut salad        
",/recipes/1467/red-chicory-pear-and-hazelnut-salad
"

          Trout with crisp bacon crust        
",/recipes/4729/trout-with-crisp-bacon-crust
"

          Roast goose with potato & stuffing        
",/recipes/2177/roast-goose-with-potato-and-stuffing
"

          Rhubarb crumble cake        
",/recipes/2985677/rhubarb-crumble-cake
"

          Speedy salmon and leek one-pot        
",/recipes/3359/speedy-salmon-and-leek-onepot
"

          Texas barbecue brisket        
",/recipes/1508666/texas-barbecue-brisket
"

          Creamy egg curry        
",/recipes/3214/creamy-egg-curry
"

          Hotdog pasties with sticky onions        
",/recipes/1167656/hotdog-pasties-with-sticky-onions
"

          Beef stir-fry with broccoli & oyster sauce        
",/recipes/4838/beef-stirfry-with-broccoli-and-oyster-sauce
"

          Roast leg of lamb with juniper & rosemary        
",/recipes/251631/roast-leg-of-lamb-with-juniper-and-rosemary
"

          Braised cabbage with pork        
",/recipes/braised-cabbage-pork
"

          Roasted harissa vegetables with kale & ginger pilaf        
",/recipes/2972690/roasted-harissa-vegetables-with-kale-and-ginger-pi
"

          Steak with goat's cheese sauce        
",/recipes/2127/steak-with-goats-cheese-sauce
"

          Rosemary roast chicken thighs, new potatoes, asparagus & garlic        
",/recipes/3084682/rosemary-roast-chicken-thighs-new-potatoes-asparag
"

          Easy turkey gravy        
",/recipes/easy-turkey-gravy
"

          Pepper & walnut houmous with veggie dippers        
",/recipes/pepper-walnut-houmous-veggie-dippers
"

          Celeriac, apple & horseradish mash        
",/recipes/celeriac-apple-horseradish-mash
"

          Smoked trout fish cakes with mushy peas        
",/recipes/1395637/smoked-trout-fish-cakes-with-mushy-peas
"

          Basmati pilaff        
",/recipes/2695/basmati-pilaff
"

          Apple tart 'Maman Blanc'        
",/recipes/778643/apple-tart-maman-blanc
"

          Dippy eggs with Marmite soldiers        
",/recipes/775661/dippy-eggs-with-marmite-soldiers
"

          Roast pheasant with ricotta & Parma ham        
",/recipes/4809/roast-pheasant-with-ricotta-and-parma-ham
"

          Spicy lamb patties        
",/recipes/2008/spicy-lamb-patties
"

          Salt & pepper prawns        
",/recipes/2884661/salt-and-pepper-prawns
"

          Buttery baked corn        
",/recipes/588656/buttery-baked-corn
"

          Squidgy chocolate & pomegranate torte        
",/recipes/squidgy-chocolate-pomegranate-torte
"

          Spanish rice & prawn one-pot        
",/recipes/11640/spanish-rice-and-prawn-onepot
"

          Slow-cooked duck legs in Port with celeriac gratin        
",/recipes/2778661/slowcooked-duck-legs-in-port-with-celeriac-gratin
"

          Spanish meatballs with clams, chorizo & squid        
",/recipes/12342/spanish-meatballs-with-clams-chorizo-and-squid
"

          Feta frittatas with carrot & celery salad        
",/recipes/feta-frittatas-carrot-celery-salad
"

          Grilled & marinated summer vegetables        
",/recipes/4644/grilled-and-marinated-summer-vegetables
"

          Barbecue lamb & courgette salad        
",/recipes/1403638/barbecue-lamb-and-courgette-salad
"

          Halloumi panzanella salad        
",/recipes/halloumi-panzanella-salad
"

          Broccoli with a crunch        
",/recipes/1299660/broccoli-with-a-crunch
"

          Orange & white chocolate sponge        
",/recipes/5524/orange-and-white-chocolate-sponge
"

          Chicken & cherry tomato lentils        
",/recipes/chicken-cherry-tomato-lentils
"

          Farmhouse blackberry & apple pie        
",/recipes/12274/farmhouse-blackberry-and-apple-pie
"

          Chicken masala skewers        
",/recipes/588641/chicken-masala-skewers
"

          Marbled egg        
",/recipes/5812/marbled-egg
"

          Curried lamb & peas with tomato & onion salad        
",/recipes/1572637/curried-lamb-and-peas-with-tomato-and-onion-salad
"

          Seven-cup muesli        
",/recipes/5126/sevencup-muesli
"

          Duck & spring onion noodles        
",/recipes/786655/duck-and-spring-onion-noodles
"

          Vietnamese prawn & noodle salad with crispy shallots        
",/recipes/1553638/vietnamese-prawn-and-noodle-salad-with-crispy-shal
"

          Frankie pasta bake        
",/recipes/2345/frankie-pasta-bake
"

          Healthy fish & chips with tartare sauce        
",/recipes/1500/healthy-fish-and-chips-with-tartare-sauce
"

          Cranberry, fresh pear & cinnamon bubbles        
",/recipes/8839/cranberry-fresh-pear-and-cinnamon-bubbles
"

          Citrus & thyme turkey        
",/recipes/2289/citrus-and-thyme-turkey
"

          Stir-fried beef with hoisin sauce        
",/recipes/3246/stirfried-beef-with-hoisin-sauce
"

          Afternoon pick-me-up smoothie        
",/recipes/afternoon-pick-me-smoothie
"

          Bay & potato sticks        
",/recipes/3495/bay-and-potato-sticks
"

          Smoked salmon spaghetti with chilli & lemon        
",/recipes/2940665/smoked-salmon-spaghetti-with-chilli-and-lemon
"

          Beef cannelloni        
",/recipes/1363652/beef-cannelloni
"

          Really easy apricot & amaretti cream        
",/recipes/4646/really-easy-apricot-and-amaretti-cream
"

          Spice-crusted aubergines & peppers with pilaf        
",/recipes/spice-crusted-aubergines-peppers-pilaf
"

          Crispy chocolate fridge cake        
",/recipes/3028704/crispy-chocolate-fridge-cake
"

          Cherry brownie babycakes        
",/recipes/cherry-brownie-babycakes
"

          Goat's cheese chicken with warm lentils & sweet beets        
",/recipes/7596/goats-cheese-chicken-with-warm-lentils-and-sweet-b
"

          Warm duck, apricot & rocket salad        
",/recipes/11788/warm-duck-apricot-and-rocket-salad
"

          Blackberry braised red cabbage with venison        
",/recipes/2411656/blackberry-braised-red-cabbage-with-venison
"

          Santa's stocking cake        
",/recipes/2568/santas-stocking-cake
"

          Double ginger cookies        
",/recipes/double-ginger-cookies
"

          Pineapple with lime & vanilla syrup        
",/recipes/853648/pineapple-with-lime-and-vanilla-syrup
"

          Dark & squidgy chocolate torte        
",/recipes/251621/dark-and-squidgy-chocolate-torte
"

          Christmas pudding trifle        
",/recipes/1826685/christmas-pudding-trifle
"

          Salt-baked lamb shanks        
",/recipes/salt-baked-lamb-shanks
"

          Slow-cooked pork & red cabbage        
",/recipes/4849/slowcooked-pork-and-red-cabbage
"

          Salmon with celeriac gratin & green beans        
",/recipes/salmon-celeriac-gratin-green-beans
"

          Sticky Thai pork        
",/recipes/12463/sticky-thai-pork
"

          Smoked mackerel & horseradish cups        
",/recipes/1771633/smoked-mackerel-and-horseradish-cups
"

          Curried potato pasties        
",/recipes/9591/curried-potato-pasties
"

          Tomato & mozzarella tart with roast pepper pesto        
",/recipes/1896/tomato-and-mozzarella-tart-with-roast-pepper-pesto
"

          Green fritters        
",/recipes/green-fritters
"

          Green salad with olive dressing        
",/recipes/3091676/green-salad-with-olive-dressing
"

          Summer berry mousse cake        
",/recipes/2300/summer-berry-mousse-cake
"

          Baileys cheesecake        
",/recipes/5048/baileys-cheesecake
"

          Banana tarte tatin        
",/recipes/3018/banana-tarte-tatin
"

          Meatball stroganoff        
",/recipes/meatball-stroganoff
"

          Choc & nut caramel slice        
",/recipes/5570/choc-and-nut-caramel-slice
"

          Salmon & smoked haddock fish cakes        
",/recipes/1717/salmon-and-smoked-haddock-fish-cakes
"

          Purple sprouting broccoli, poached eggs & hollandaise        
",/recipes/purple-sprouting-broccoli-poached-eggs-hollandaise
"

          Eccles cakes        
",/recipes/786659/eccles-cakes
"

          Creamy mango & coconut smoothie        
",/recipes/2991681/creamy-mango-and-coconut-smoothie
"

          Herby dressed turnips & roast chicken        
",/recipes/13350/herby-dressed-turnips-and-roast-chicken
"

          Wild mushroom risotto        
",/recipes/1163/wild-mushroom-risotto
"

          Quick chilli bean wraps        
",/recipes/1817/quick-chilli-bean-wraps
"

          Piri-piri chicken with spicy rice        
",/recipes/2953680/piripiri-chicken-with-spicy-rice
"

          Chilli con carne soup        
",/recipes/1293/chilli-con-carne-soup
"

          Big bacon & egg pie        
",/recipes/3022680/big-bacon-and-egg-pie
"

          Double chocolate eclairs        
",/recipes/2053649/double-chocolate-eclairs
"

          Honey crunch granola with almonds & apricots        
",/recipes/353614/honey-crunch-granola-with-almonds-and-apricots
"

          Prosecco chocolate salami        
",/recipes/3020682/prosecco-chocolate-salami
"

          Spinach rice        
",/recipes/spinach-rice
"

          Cajun meatballs        
",/recipes/3145674/cajun-meatballs
"

          Lemon & ginger shortbread        
",/recipes/lemon-ginger-shortbread
"

          Basic curry sauce        
",/recipes/2231/basic-curry-sauce
"

          Sparkling snowfetti cake        
",/recipes/sparkling-snowfetti-cake
"

          Baked eggs with potatoes, mushrooms & cheese        
",/recipes/baked-eggs-potatoes-mushrooms-cheese
"

          Butternut soup shots with crispy pancetta soldiers        
",/recipes/2762666/butternut-soup-shots-with-crispy-pancetta-soldiers
"

          Turkey burgers with beetroot relish        
",/recipes/10767/turkey-burgers-with-beetroot-relish
"

          Smoked haddock chowder        
",/recipes/1745/smoked-haddock-chowder
"

          Italian chicken bake        
",/recipes/italian-chicken-bake
"

          All-in-one-baked mushrooms        
",/recipes/7398/allinonebaked-mushrooms
"

          Veggie shepherd's pie with sweet potato mash        
",/recipes/4382/veggie-shepherds-pie-with-sweet-potato-mash
"

          Cranberry, raisin & pecan knot        
",/recipes/1582682/cranberry-raisin-and-pecan-knot
"

          Cherry chocolate Pavlova        
",/recipes/10607/cherry-chocolate-pavlova
"

          Mary Berry's Christmas chutney        
",/recipes/1158/mary-berrys-christmas-chutney
"

          Baked cherry cheesecake        
",/recipes/586643/baked-cherry-cheesecake
"

          Pork ragout with carrots & cumin        
",/recipes/10112/pork-ragout-with-carrots-and-cumin
"

          Strawberry ice cream shake        
",/recipes/4617/strawberry-ice-cream-shake
"

          Fruit & nut butternut squash quinoa        
",/recipes/2248642/fruit-and-nut-butternut-squash-quinoa
"

          Really easy lemonade         
",/recipes/4620/really-easy-lemonade-
"

          Beef Wellington with spinach & bacon        
",/recipes/beef-wellington-spinach-bacon
"

          Seeded bagel tuna melt        
",/recipes/2603/seeded-bagel-tuna-melt
"

          Spicy chicken fried rice        
",/recipes/4841/spicy-chicken-fried-rice
"

          Sweet potato, coconut & chilli mash        
",/recipes/sweet-potato-coconut-chilli-mash
"

          Raspberry, lemon & frangipane tart        
",/recipes/1880/raspberry-lemon-and-frangipane-tart
"

          Boozy brownie trifle        
",/recipes/boozy-brownie-trifle
"

          New potato & tuna salad        
",/recipes/2284/new-potato-and-tuna-salad
"

          Chocolate brownie cake         
",/recipes/2882/chocolate-brownie-cake-
"

          Cranberry, pineapple & date chutney        
",/recipes/1014/cranberry-pineapple-and-date-chutney
"

          Turkey & parsnip curry        
",/recipes/1380/turkey-and-parsnip-curry
"

          Venison with quince        
",/recipes/166611/venison-with-quince
"

          Deli couscous        
",/recipes/deli-couscous
"

          Summer pea pasta        
",/recipes/666643/summer-pea-pasta
"

          Courgette tortilla with toppings        
",/recipes/courgette-tortilla-toppings
"

          Raspberry spice cake        
",/recipes/2138639/raspberry-spice-cake
"

          Smoked butter mash        
",/recipes/smoked-butter-mash
"

          Pecan & maple syrup sticky pudding        
",/recipes/2964/pecan-and-maple-syrup-sticky-pudding
"

          Lamb & aubergine pastitsio        
",/recipes/lamb-aubergine-pastitsio
"

          Spice & lime chicken        
",/recipes/2633/spice-and-lime-chicken
"

          Kale & bulghar tabbouleh with yogurt dressing        
",/recipes/kale-bulghar-tabbouleh-yogurt-dressing
"

          Coconut & lime rice        
",/recipes/coconut-lime-rice
"

          Haddock in tomato basil sauce        
",/recipes/1846/haddock-in-tomato-basil-sauce
"

          Caption cookies        
",/recipes/caption-cookies
"

          Tofu, greens & cashew stir-fry        
",/recipes/12142/tofu-greens-and-cashew-stirfry
"

          Warm potato & cherry tomato salad        
",/recipes/12333/warm-potato-and-cherry-tomato-salad
"

          Tangerine curd ice cream with marshmallow meringues        
",/recipes/1120/tangerine-curd-ice-cream-with-marshmallow-meringue
"

          Red citrus chicken        
",/recipes/red-citrus-chicken
"

          Chicken skewers with satay dip        
",/recipes/851647/chicken-skewers-with-satay-dip
"

          Golden syrup dumplings        
",/recipes/1133642/golden-syrup-dumplings
"

          Squid, samphire & pea salad        
",/recipes/2220641/squid-samphire-and-pea-salad
"

          Moroccan turkey meatballs with citrus couscous        
",/recipes/1396634/moroccan-turkey-meatballs-with-citrus-couscous
"

          Pork chop melts        
",/recipes/1479/pork-chop-melts
"

          Raspberry Martini fizz        
",/recipes/1827636/raspberry-martini-fizz
"

          Leek, bacon & potato soup        
",/recipes/3505/leek-bacon-and-potato-soup
"

          Chocolate balloon bowls        
",/recipes/3020685/chocolate-balloon-bowls
"

          Grilled baby onions with cream & basil        
",/recipes/749716/grilled-baby-onions-with-cream-and-basil
"

          Treacle apple pudding        
",/recipes/2875671/treacle-apple-pudding
"

          Strawberries with lime & long pepper syrup        
",/recipes/3147695/strawberries-with-lime-and-long-pepper-syrup
"

          Homemade fish finger sarnie        
",/recipes/988636/homemade-fish-finger-sarnie
"

          Indian potato pie        
",/recipes/1039649/indian-potato-pie
"

          Teriyaki steak with pak choi & noodles        
",/recipes/teriyaki-steak-pak-choi-noodles
"

          Battenberg cake        
",/recipes/1120657/battenberg-cake
"

          Toasty banana muesli pots        
",/recipes/333610/toasty-banana-muesli-pots
"

          Sweet & sour pork stir-fry        
",/recipes/11747/sweet-and-sour-pork-stirfry
"

          Cranberry-topped raised pie        
",/recipes/cranberry-topped-raised-pie
"

          Steak & sweet potato chips        
",/recipes/steak-sweet-potato-chips
"

          Smoked salmon & avocado        
",/recipes/2815/smoked-salmon-and-avocado
"

          Roasted beets with watercress & horseradish apple sauce        
",/recipes/864636/roasted-beets-with-watercress-and-horseradish-appl
"

          Devilled cheek & kidney pot pie        
",/recipes/2852683/devilled-cheek-and-kidney-pot-pie
"

          Red Nose Day raspberry cookies        
",/recipes/3467/red-nose-day-raspberry-cookies
"

          Spicy tomato baked eggs        
",/recipes/7573/spicy-tomato-baked-eggs
"

          Hot cross bun cheesecakes        
",/recipes/hot-cross-bun-cheesecakes
"

          Acaraje black-eyed pea fritters with shrimp filling        
",/recipes/caraje-black-eyed-pea-fritters-shrimp-filling
"

          Slow-roast Persian lamb with pomegranate salad        
",/recipes/164629/slowroast-persian-lamb-with-pomegranate-salad
"

          Thai prawn noodles        
",/recipes/thai-prawn-noodles
"

          Winter cannellini bean soup        
",/recipes/1148/winter-cannellini-bean-soup
"

          Japanese salad with ginger soy dressing        
",/recipes/1511722/japanese-salad-with-ginger-soy-dressing
"

          Sumac-spiced lamb pides        
",/recipes/sumac-spiced-lamb-pides
"

          Butter bean & squash crumble        
",/recipes/4848/butter-bean-and-squash-crumble
"

          Raspberry religieuse        
",/recipes/raspberry-religieuse
"

          Lamb steaks with tomatoes & olives        
",/recipes/2599/lamb-steaks-with-tomatoes-and-olives
"

          Chickpea soup with coriander & lime        
",/recipes/3197/chickpea-soup-with-coriander-and-lime
"

          Fennel, lemon & mint salad        
",/recipe/fennel-lemon-mint-salad
"

          Sausage mummy dippers        
",/recipes/sausage-mummy-dippers
"

          Salsa verde        
",/recipes/salsa-verde
"

          Slow-roasted pork belly & chicory        
",/recipes/251608/slowroasted-pork-belly-and-chicory
"

          Kale pasta with chilli & anchovy        
",/recipes/5842/kale-pasta-with-chilli-and-anchovy
"

          Christmas pud ice cream        
",/recipes/1036634/christmas-pud-ice-cream
"

          Speedy meatball stew        
",/recipes/9039/speedy-meatball-stew
"

          Pear & mincemeat crumble cake        
",/recipes/166620/pear-and-mincemeat-crumble-cake
"

          Salted caramel chocolate torte        
",/recipes/896660/salted-caramel-chocolate-torte
"

          Cherry cream sundaes        
",/recipes/2765/cherry-cream-sundaes
"

          Cheese & chive coleslaw        
",/recipes/589629/cheese-and-chive-coleslaw
"

          Potato, cheddar & red onion pasties        
",/recipes/2472636/potato-cheddar-and-red-onion-pasties
"

          Cheesy leeks with ham        
",/recipes/3448/cheesy-leeks-with-ham
"

          Falafel tabbouleh with lemon yogurt        
",/recipes/11643/falafel-tabbouleh-with-lemon-yogurt
"

          Beef pie with crisp potato crust        
",/recipes/1515/beef-pie-with-crisp-potato-crust
"

          Italian tomato & artichoke platter        
",/recipes/italian-tomato-artichoke-platter
"

          Herby pesto, bean & potato pasta        
",/recipes/1366654/herby-pesto-bean-and-potato-pasta
"

          Samosa pie        
",/recipes/samosa-pie
"

          Brie wrapped in prosciutto & brioche        
",/recipes/1803634/brie-wrapped-in-prosciutto-and-brioche
"

          Festive jammie dodgers        
",/recipes/4941/festive-jammie-dodgers
"

          Tender duck & pineapple red curry        
",/recipes/164631/tender-duck-and-pineapple-red-curry
"

          Chicken saltimbocca with basil mash        
",/recipes/143611/chicken-saltimbocca-with-basil-mash
"

          Sloppy Joe pizza breads        
",/recipes/2320643/sloppy-joe-pizza-breads
"

          Hibiscus & Prosecco cocktail        
",/recipes/phoenix-fizz
"

          Tex-Mex sausage plait        
",/recipes/tex-mex-sausage-plait
"

          All-in-one leek & pork pot roast        
",/recipes/9629/allinone-leek-and-pork-pot-roast
"

          A nice rice pudding        
",/recipes/1754/a-nice-rice-pudding
"

          Chocolate sundaes with pear & Christmas pud        
",/recipes/chocolate-sundaes-pear-christmas-pud
"

          Warm potato & tuna salad with pesto dressing        
",/recipes/1803/warm-potato-and-tuna-salad-with-pesto-dressing
"

          Healthier beef Wellington        
",/recipes/2053640/healthier-beef-wellington
"

          Chicken, red pepper & almond traybake        
",/recipes/1813670/chicken-red-pepper-and-almond-traybake
"

          Smoked venison with melon salad        
",/recipes/11737/smoked-venison-with-melon-salad
"

          Chestnut & bacon cake        
",/recipes/72611/chestnut-and-bacon-cake
"

          Crab & ginger tart with a chilli dressing        
",/recipes/2786/crab-and-ginger-tart-with-a-chilli-dressing
"

          Winter slaw with maple candied nuts        
",/recipes/winter-slaw-maple-candied-nuts
"

          Avocado prawns in wasabi dressing        
",/recipes/1647/avocado-prawns-in-wasabi-dressing
"

          Lighter apple & pear pie        
",/recipes/lighter-apple-pear-pie
"

          Spicy Cajun chicken quinoa        
",/recipes/1162644/spicy-cajun-chicken-quinoa
"

          Nutty chicken curry        
",/recipes/11753/nutty-chicken-curry
"

          Wholemeal flatbreads        
",/recipes/wholemeal-flatbreads
"

          Artichoke, bacon & cheese tart         
",/recipes/1895/artichoke-bacon-and-cheese-tart-
"

          Festive ham        
",/recipes/2790/festive-ham
"

          Imam bayildi with BBQ lamb & tzatziki        
",/recipes/681666/imam-bayildi-with-bbq-lamb-and-tzatziki
"

          Easter nest coconut & white chocolate cupcakes        
",/recipes/easter-nest-coconut-white-chocolate-cupcakes
"

          Pasta with pesto & fresh herbs        
",/recipes/749661/pasta-with-pesto-and-fresh-herbs
"

          Spicy salmon & lentils        
",/recipes/1565/spicy-salmon-and-lentils
"

          Poussins with tamarind glaze        
",/recipes/1299/poussins-with-tamarind-glaze
"

          Milkshake ice pops        
",/recipes/milkshake-ice-pops
"

          Tangy tuna burgers        
",/recipes/3212/tangy-tuna-burgers
"

          Salt & pepper squid with roast chilli dressing        
",/recipes/12465/salt-and-pepper-squid-with-roast-chilli-dressing
"

          Tangy roasted peppers        
",/recipes/711645/tangy-roasted-peppers
"

          Stir-fried lettuce        
",/recipes/stir-fried-lettuce
"

          Snowman friends cake decoration        
",/recipes/1803637/snowman-friends-cake-decoration
"

          Roast chicken with braised celery hearts        
",/recipes/845636/roast-chicken-with-braised-celery-hearts
"

          One-pan roast chicken & potatoes        
",/recipes/1403639/onepan-roast-chicken-and-potatoes
"

          Spicy African chicken stew        
",/recipes/2552643/spicy-african-chicken-stew
"

          Silky celeriac soup with smoked haddock        
",/recipes/75601/silky-celeriac-soup-with-smoked-haddock
"

          Mint & coriander tomato tarts        
",/recipes/1229/mint-and-coriander-tomato-tarts
"

          Roasted swede with Parmesan        
",/recipes/5920/roasted-swede-with-parmesan
"

          Scary Halloween jelly        
",/recipes/2675635/scary-halloween-jelly
"

          Classic pesto        
",/recipes/1507660/classic-pesto
"

          Heirloom tomato, beet & red onion salad        
",/recipes/heirloom-tomato-beet-red-onion-salad
"

          Blackberry & beetroot smoothie        
",/recipes/winter-warmer-smoothie
"

          Creamy saffron yogurt        
",/recipes/1696/creamy-saffron-yogurt
"

          Oaty apple crumble        
",/recipes/1139654/oaty-apple-crumble
"

          Prosciutto skewered chicken with fried sage leaves        
",/recipes/3232/prosciutto-skewered-chicken-with-fried-sage-leaves
"

          Mushroom-in-the-hole        
",/recipes/mushroom-hole
"

          Quick chicken chasseur        
",/recipes/3453/quick-chicken-chasseur
"

          Mustard pork fillet with apple lentils & herb aioli        
",/recipes/1580649/mustard-pork-fillet-with-apple-lentils-and-herb-ai
"

          Crab, avocado & rocket salad        
",/recipes/3805/crab-avocado-and-rocket-salad
"

          Christmas pud cupcakes        
",/recipes/8816/christmas-pud-cupcakes
"

          Sugared scones        
",/recipes/1912649/sugared-scones
"

          Korean clam broth - Jogaetang        
",/recipes/korean-clam-broth-jogaetang
"

          Turkey Singapore noodles        
",/recipes/1841671/turkey-singapore-noodles
"

          Asian-style baked onions, potatoes & sweet potatoes        
",/recipes/1284/asianstyle-baked-onions-potatoes-and-sweet-potatoe
"

          Spicy quinoa        
",/recipes/2141/spicy-quinoa
"

          Mexican bean salad        
",/recipes/4714/mexican-bean-salad
"

          Sweet & sour chicken adobo        
",/recipes/sweet-and-sour-chicken-abodo
"

          Orange & caramel custard tart        
",/recipes/5144/orange-and-caramel-custard-tart
"

          Filo-topped fish pie        
",/recipes/filo-topped-fish-pie
"

          Easy risotto with bacon & peas        
",/recipes/1221/easy-risotto-with-bacon-and-peas
"

          Roast pheasant with wild mushroom, potato & bacon ragout        
",/recipes/2604657/roast-pheasant-with-wild-mushroom-potato-and-bacon
"

          Beet & caramelised onion tart        
",/recipes/1111644/beet-and-caramelised-onion-tart
"

          Ginger & orange-glazed baby carrots        
",/recipes/ginger-orange-glazed-baby-carrots
"

          Low-fat cherry cheesecake        
",/recipes/2138673/lowfat-cherry-cheesecake
"

          Mum's leek & potato soup with mustard toasts        
",/recipes/2797/mums-leek-and-potato-soup-with-mustard-toasts
"

          No-meat mixed grill        
",/recipes/1930/nomeat-mixed-grill
"

          Pancetta & sage-wrapped chipolatas        
",/recipes/pancetta-sagewrapped-chipolatas
"

          Roasted salt & paprika almonds        
",/recipes/1837663/roasted-salt-and-paprika-almonds
"

          Sugar charms        
",/recipes/sugar-charms
"

          Spiced braised red cabbage        
",/recipes/spiced-braised-red-cabbage
"

          Lemon & five-spice chicken        
",/recipes/2548/lemon-and-fivespice-chicken
"

          Smoked mackerel with herb & beet couscous        
",/recipes/764641/smoked-mackerel-with-herb-and-beet-couscous
"

          Tagine of lamb & merguez sausages        
",/recipes/1977658/tagine-of-lamb-and-merguez-sausages
"

          Simple sauerkraut        
",/recipes/simple-sauerkraut
"

          Thai turkey burgers        
",/recipes/2528/thai-turkey-burgers
"

          Really good roast potatoes        
",/recipes/really-good-roast-potatoes
"

          Pick 'n' mix summer garden salad        
",/recipes/3142/pick-n-mix-summer-garden-salad
"

          Turkey & pepper pittas        
",/recipes/741642/turkey-and-pepper-pittas
"

          One-pan tikka salmon with jewelled rice        
",/recipes/one-pan-tikka-salmon-jewelled-rice
"

          Caramelised onion & feta pizzas        
",/recipes/1060/caramelised-onion-and-feta-pizzas
"

          Golden beer-battered fish with chips        
",/recipes/7785/golden-beerbattered-fish-with-chips
"

          Thyme roast cod & panzanella salad        
",/recipes/thyme-roast-cod-panzanella-salad
"

          Cajun spiced salmon        
",/recipes/1658649/cajun-spiced-salmon
"

          Chestnut & wild mushroom stuffed three-bird roast        
",/recipes/chestnut-wild-mushroom-stuffed-three-bird-roast
"

          Smoked salmon rice salad        
",/recipes/smoked-salmon-rice-salad
"

          Courgette & ricotta pasta        
",/recipes/2195649/courgette-and-ricotta-pasta
"

          Italian turkey toasties        
",/recipes/3400/italian-turkey-toasties
"

          Easy cheesy frittata        
",/recipes/420652/easy-cheesy-frittata
"

          Coriander-baked ricotta with pomegranate molasses        
",/recipes/12280/corianderbaked-ricotta-with-pomegranate-molasses
"

          Bread & butter pickles        
",/recipes/bread-butter-pickles
"

          Chicken skewers with cucumber & shallot dip        
",/recipes/1969/chicken-skewers-with-cucumber-and-shallot-dip
"

          Pork tenderloin with chipotle sauce & pickled red onions        
",/recipes/236611/pork-tenderloin-with-chipotle-sauce-and-pickled-re
"

          Freaky finger red velvet cake        
",/recipes/freaky-finger-red-velvet-cake
"

          Paneer in herby tomato sauce        
",/recipes/1351/paneer-in-herby-tomato-sauce
"

          Creamy chicken & leeks        
",/recipes/2600/creamy-chicken-and-leeks
"

          Chocolate pudding with spiced berry syrup        
",/recipes/1805658/chocolate-pudding-with-spiced-berry-syrup
"

          Baked piri-piri tilapia with crushed potatoes        
",/recipes/baked-piri-piri-tilapia-crushed-potatoes
"

          Kale with lemon tahini dressing        
",/recipes/kale-lemon-tahini-dressing
"

          Ginger & Christmas pud cheesecake with ginger sauce        
",/recipes/2831665/ginger-and-christmas-pud-cheesecake-with-ginger-sa
"

          Freeze-ahead roasties        
",/recipes/1789635/freezeahead-roasties
"

          Cheese & Marmite scones        
",/recipes/cheese-marmite-scones
"

          Roast turkey with citrus butter        
",/recipes/890646/roast-turkey-with-citrus-butter
"

          Tuna & lemon pasta        
",/recipes/1811/tuna-and-lemon-pasta
"

          Gluten-free Yorkshire puddings        
",/recipes/gluten-free-yorkshire-puddings
"

          Garlic & basil ciabatta        
",/recipes/2496/garlic-and-basil-ciabatta
"

          Warm salad of red cabbage, black pudding & apple        
",/recipes/249606/warm-salad-of-red-cabbage-black-pudding-and-apple
"

          Lemon & elderflower fizz        
",/recipes/lemon-elderflower-fizz
"

          Tropical punch cups        
",/recipes/8862/tropical-punch-cups
"

          Raspberry cordial        
",/recipes/2252647/raspberry-cordial
"

          10-minute pad Thai        
",/recipes/10386/10minute-pad-thai
"

          Potato cakes with smoked salmon        
",/recipes/5092/potato-cakes-with-smoked-salmon
"

          Creamy parsnip & squash bake        
",/recipes/4963/creamy-parsnip-and-squash-bake
"

          Iced Christmas-pudding mousse        
",/recipes/2563/iced-christmaspudding-mousse
"

          Salmon with tahini sauce        
",/recipes/salmon-tahini-sauce
"

          Bolognese with a difference        
",/recipes/1253/bolognese-with-a-difference
"

          Potato, red onion & olive salad        
",/recipes/6497/potato-red-onion-and-olive-salad
"

          Lime & ginger salmon        
",/recipes/1508644/lime-and-ginger-salmon
"

          Lemon & poppyseed cupcakes        
",/recipes/470636/lemon-and-poppyseed-cupcakes
"

          Satay shots        
",/recipes/2150/satay-shots
"

          Brioche buns        
",/recipes/brioche-buns
"

          Espresso, chocolate & chilli cake with coffee cream        
",/recipes/espresso-chocolate-chilli-cake-coffee-cream
"

          Hot paprika potatoes with garlic mayo        
",/recipes/644639/hot-paprika-potatoes-with-garlic-mayo
"

          Little pistachio cakes        
",/recipes/little-pistachio-cakes
"

          Prawn & pancetta spears        
",/recipes/2253/prawn-and-pancetta-spears
"

          Mulled spiced Pavlovas        
",/recipes/166612/mulled-spiced-pavlovas
"

          Carrot, courgette & orange cakes        
",/recipes/1580644/carrot-courgette-and-orange-cakes
"

          Aubergine with yogurt & tomato sauces        
",/recipes/4736/aubergine-with-yogurt-and-tomato-sauces
"

          Prawn & black pepper stir-fry        
",/recipes/3006/prawn-and-black-pepper-stirfry
"

          Citrus peach cooler        
",/recipes/6488/citrus-peach-cooler
"

          Hot beetroot salad        
",/recipes/1135647/hot-beetroot-salad
"

          Spinach & pine nut lasagne        
",/recipes/2985679/spinach-and-pine-nut-lasagne
"

          Spice roasted fruits with honey & orange sauce        
",/recipes/3300/spice-roasted-fruits-with-honey-and-orange-sauce
"

          Perfect porridge        
",/recipes/1431/perfect-porridge
"

          Cranberry-crowned pud with white chocolate custard        
",/recipes/5045/cranberrycrowned-pud-with-white-chocolate-custard
"

          Marinated courgette salad         
",/recipes/2663/marinated-courgette-salad-
"

          Margherita risotto balls        
",/recipes/margherita-risotto-balls
"

          Caramelised nuts        
",/recipes/4945/caramelised-nuts
"

          Quick & spicy nasi goreng        
",/recipes/quick-spicy-nasi-goreng
"

          Jersey smash        
",/recipes/jersey-smash
"

          Balsamic steaks with peppercorn wedges        
",/recipes/2892675/balsamic-steaks-with-peppercorn-wedges
"

          Moist turkey crown with chestnut truffle stuffing        
",/recipes/5039/moist-turkey-crown-with-chestnut-truffle-stuffing
"

          Smoked salmon & lemon scrambled eggs        
",/recipes/1723/smoked-salmon-and-lemon-scrambled-eggs
"

          Raid-the-fridge rice        
",/recipes/2593/raidthefridge-rice
"

          Sunshine tiramisu        
",/recipes/sunshine-tiramisu
"

          Tasty cottage pies        
",/recipes/8188/tasty-cottage-pies
"

          Masala frittata with avocado salsa        
",/recipes/masala-frittata-avocado-salsa
"

          Kids' club sandwiches         
",/recipes/4502/kids-club-sandwiches-
"

          Garlic prawns with Asian puy lentils        
",/recipes/6616/garlic-prawns-with-asian-puy-lentils
"

          Better-than-baked beans with spicy wedges        
",/recipes/7738/betterthanbaked-beans-with-spicy-wedges
"

          Nectarine & pistachio crunch layers        
",/recipes/588643/nectarine-and-pistachio-crunch-layers
"

          Roast sea bass & vegetable traybake        
",/recipes/roast-sea-bass-vegetable-traybake
"

          Roast pumpkin & spinach lasagne        
",/recipes/67609/roast-pumpkin-and-spinach-lasagne
"

          Tandoori roast chicken        
",/recipes/1853673/tandoori-roast-chicken
"

          Layered squash, barley & spinach pie        
",/recipes/8639/layered-squash-barley-and-spinach-pie
"

          Cheese & onion rarebit-topped pollock with potato wedges        
",/recipes/2852671/cheese-and-onion-rarebittopped-pollack-with-potato
"

          Chicken & ham pie        
",/recipes/1349/chicken-and-ham-pie
"

          Double chocolate cardamom pots        
",/recipes/252611/double-chocolate-cardamom-pots
"

          Linguine with asparagus & egg        
",/recipes/3226/linguine-with-asparagus-and-egg
"

          Hot-smoked salmon with creamy pasta & pine nuts        
",/recipes/5541/hotsmoked-salmon-with-creamy-pasta-and-pine-nuts
"

          Crisp sage & Parmesan pork with red apple coleslaw        
",/recipes/1615/crisp-sage-and-parmesan-pork-with-red-apple-colesl
"

          Spicy tofu kedgeree        
",/recipes/13141/spicy-tofu-kedgeree
"

          Balsamic pork with watercress        
",/recipes/7008/balsamic-pork-with-watercress
"

          Tofu & spinach cannelloni        
",/recipes/1415655/tofu-and-spinach-cannelloni
"

          Easy-slice Christmas dinner parcel        
",/recipes/easy-slice-christmas-dinner-parcel
"

          Creamy black dhal with crispy onions        
",/recipes/creamy-black-dhal-crispy-onions
"

          Poor man's vongole rosso        
",/recipes/poor-mans-vongole-rosso
"

          Golden squash & sausage risotto        
",/recipes/golden-squash-sausage-risotto
"

          Cherry ripple & almond crunch ice cream        
",/recipes/532641/cherry-ripple-and-almond-crunch-ice-cream
"

          Moroccan stuffed chicken        
",/recipes/143610/moroccan-stuffed-chicken
"

          Courgette ribbon salad        
",/recipes/courgette-ribbon-salad
"

          Spiced cod with quinoa salad & mint chutney        
",/recipes/spiced-cod-quinoa-salad-mint-chutney
"

          Apple crumble loaf        
",/recipes/2198652/apple-crumble-loaf
"

          Classic Arctic roll        
",/recipes/classic-arctic-roll
"

          Potato & paprika tortilla        
",/recipes/2360641/potato-and-paprika-tortilla
"

          Ham hock & cabbage hash        
",/recipes/1568640/ham-hock-and-cabbage-hash
"

          Baked salmon with potatoes & fennel        
",/recipes/baked-salmon-potatoes-fennel
"

          Kale tabbouleh        
",/recipes/2852682/kale-tabbouleh
"

          Curried flatbread        
",/recipes/2066/curried-flatbread
"

          15-minute mix & match salad        
",/recipes/1382/15minute-mix-and-match-salad
"

          Lamb meatballs with rosemary tomato sauce        
",/recipes/1080633/lamb-meatballs-with-rosemary-tomato-sauce
"

          Saucy miso mushrooms with udon noodles        
",/recipes/saucy-miso-mushrooms-udon-noodles
"

          Creamy mash        
",/recipes/1916637/creamy-mash
"

          Braised leeks & peas        
",/recipes/1913656/braised-leeks-and-peas
"

          Smoked haddock & Jerusalem artichoke gratin        
",/recipes/1853682/smoked-haddock-and-jerusalem-artichoke-gratin
"

          Light & dark choc puds        
",/recipes/1960/light-and-dark-choc-puds
"

          Pear & chocolate mini Pavlovas        
",/recipes/1812/pear-and-chocolate-mini-pavlovas
"

          Pork with spiced apricots        
",/recipes/2557/pork-with-spiced-apricots
"

          Ham & eggy bread with salsa        
",/recipes/2773/ham-and-eggy-bread-with-salsa
"

          Creamy pumpkin & lentil soup        
",/recipes/creamy-pumpkin-lentil-soup
"

          Eve's pudding        
",/recipes/252606/eves-pudding
"

          Spiced potato cake with mint raita        
",/recipes/3424/spiced-potato-cake-with-mint-raita
"

          Salt-baked potatoes        
",/recipes/691658/saltbaked-potatoes
"

          Cider fondant potatoes        
",/recipes/1299656/cider-fondant-potatoes
"

          Tortellini with ricotta, spinach & bacon        
",/recipes/7030/tortellini-with-ricotta-spinach-and-bacon
"

          No-fail Yorkies        
",/recipes/2138671/nofail-yorkies
"

          Classic potted shrimps        
",/recipes/classic-potted-shrimps
"

          Fried egg Florentine toastie        
",/recipes/fried-egg-florentine-toastie
"

          Garlicky green beans        
",/recipes/2767668/garlicky-green-beans
"

          Tangy tomato chutney         
",/recipes/1582/tangy-tomato-chutney-
"

          Black bean chimichurri salad        
",/recipes/black-bean-chimichurri-salad
"

          Baked ratatouille with lemon breadcrumbs        
",/recipe/baked-ratatouille-lemon-breadcrumbs
"

          Celeriac & parsnip bake        
",/recipes/celeriac-parsnip-bake
"

          Simnel cherry tart        
",/recipes/3020696/simnel-cherry-tart
"

          Peanut butter & chocolate cake        
",/recipes/peanut-butter-chocolate-cake
"

          Brandy & vanilla butter        
",/recipes/893660/brandy-and-vanilla-butter
"

          Spooky spider cakes        
",/recipes/7734/spooky-spider-cakes
"

          Guinea fowl tagine        
",/recipes/13248/guinea-fowl-tagine
"

          Chicken fattoush        
",/recipes/chicken-fattoush
"

          Easy Easter brioche        
",/recipes/6033/easy-easter-brioche
"

          Saucy beef stir fry        
",/recipes/3090/saucy-beef-stir-fry
"

          Little lemon-tons        
",/recipes/2137660/little-lemontons
"

          Couscous salad        
",/recipes/2489/couscous-salad
"

          Banoffee s'mores        
",/recipes/banoffee-smores
"

          Sticky rhubarb & strawberry sponge pudding        
",/recipes/3378/sticky-rhubarb-and-strawberry-sponge-pudding
"

          Cauliflower, rice & lentil salad        
",/recipes/2766666/cauliflower-rice-and-lentil-salad
"

          Mulled wine cocktail        
",/recipes/8143/mulled-wine-cocktail
"

          Pickled green beans        
",/recipes/pickled-green-beans
"

          Curry coconut fish parcels        
",/recipes/2360681/curry-coconut-fish-parcels
"

          Fruit & nut yogurt        
",/recipes/1973656/fruit-and-nut-yogurt
"

          Simple fish stew        
",/recipes/simple-fish-stew
"

          Risotto of spring vegetables        
",/recipes/2617/risotto-of-spring-vegetables
"

          Banana, clementine & mango smoothie        
",/recipes/2254/banana-clementine-and-mango-smoothie
"

          Warm salad of asparagus, bacon, duck egg & hazelnuts        
",/recipes/1299658/warm-salad-of-asparagus-bacon-duck-egg-and-hazelnu
"

          Pork vindaloo        
",/recipes/pork-vindaloo
"

          Crab & corn cakes with chilli dipping sauce        
",/recipes/9791/crab-and-corn-cakes-with-chilli-dipping-sauce
"

          Chunky chocolate nut bars        
",/recipes/1143/chunky-chocolate-nut-bars
"

          Melanzane lasagne        
",/recipes/1167639/melanzane-lasagne
"

          Prosciutto & rosemary potatoes        
",/recipes/2897/prosciutto-and-rosemary-potatoes
"

          Succotash        
",/recipes/succotash
"

          Mushroom & olive tatins        
",/recipes/4381/mushroom-and-olive-tatins
"

          DIY Mexican chilli wraps        
",/recipes/1477/diy-mexican-chilli-wraps
"

          Saucy Japanese greens with sticky sesame rice        
",/recipes/2872691/saucy-japanese-greens-with-sticky-sesame-rice
"

          Sticky glazed ribs        
",/recipes/1663640/sticky-glazed-ribs
"

          Tomato & crispy crumb chicken        
",/recipes/7743/tomato-and-crispy-crumb-chicken
"

          Toad in the hole in 4 easy steps        
",/recipes/5822/toad-in-the-hole-in-4-easy-steps
"

          Broad beans with parsley, feta & almonds        
",/recipes/559629/broad-beans-with-parsley-feta-and-almonds
"

          Torta del Nonna        
",/recipes/torta-del-nonna
"

          Oven-baked smoked salmon, pepper & pesto tortilla        
",/recipes/oven-baked-smoked-salmon-pepper-pesto-tortilla
"

          Mushroom & tarragon strudels with Madeira sauce         
",/recipes/12430/mushroom-and-tarragon-strudels-with-madeira-sauce-
"

          Chocolate dipped cherry cake        
",/recipes/1838/chocolate-dipped-cherry-cake
"

          Bakewell cheesecake        
",/recipes/1853660/bakewell-cheesecake
"

          Turkey enchiladas        
",/recipes/turkey-enchiladas
"

          Lemon meringue pie s'mores        
",/recipes/lemon-meringue-pie-smores
"

          Pulled pork with Mexican almond mole sauce        
",/recipes/164608/pulled-pork-with-mexican-almond-mole-sauce
"

          Summer spice mix        
",/recipes/502632/summer-spice-mix
"

          Apricot & hazelnut mince pies        
",/recipes/2702/apricot-and-hazelnut-mince-pies
"

          Poached salmon with courgette & lentil salad & lemon relish        
",/recipes/poached-salmon-courgette-lentil-salad-lemon-relish
"

          Gnocchi bolognese with spinach        
",/recipes/5862/gnocchi-bolognese-with-spinach
"

          Little iced Christmas puds        
",/recipes/1099/little-iced-christmas-puds
"

          Curried vegetable broth        
",/recipes/2885/curried-vegetable-broth
"

          Summer chicken one-pot        
",/recipes/1363634/summer-chicken-onepot
"

          Kale, tomato & poached egg on toast        
",/recipes/kale-tomato-poached-egg-toast
"

          Butter-basted pork loin with stuffing crust & cheesy polenta        
",/recipes/butter-basted-pork-loin-stuffing-crust-cheesy-polenta
"

          Sweet potato & pea puffs        
",/recipes/sweet-potato-pea-puffs
"

          Pickled radishes with ginger & chilli        
",/recipes/pickled-radishes-ginger-chilli
"

          Balsamic & brown sugar roasted carrots        
",/recipes/9840/balsamic-and-brown-sugar-roasted-carrots
"

          Roasted cauliflower tabbouleh        
",/recipes/roasted-cauliflower-tabbouleh
"

          Pumpkin, spinach & black bean dopiaza        
",/recipes/8052/pumpkin-spinach-and-black-bean-dopiaza
"

          Christmas stollen pudding        
",/recipes/896670/christmas-stollen-pudding
"

          Raspberry & coconut trifle cake        
",/recipes/8245/raspberry-and-coconut-trifle-cake
"

          Smoky pork & Boston beans one-pot        
",/recipes/smoky-pork-boston-beans-one-pot
"

          Brown loaf        
",/recipes/1582639/brown-loaf
"

          Easy Italian bean salad        
",/recipes/2977/easy-italian-bean-salad
"

          Boiled beef & carrots with parsley dumplings        
",/recipes/2543/boiled-beef-and-carrots-with-parsley-dumplings
"

          Pumpkin & sage spaghetti        
",/recipes/1084/pumpkin-and-sage-spaghetti
"

          Veggie kofta pittas with pick & mix sides        
",/recipes/veggie-kofta-pittas-pick-mix-sides
"

          Sticky chipolata & fennel slaw open sandwiches        
",/recipe/sticky-chipolata-fennel-slaw-open-sandwiches
"

          Fudgy dark chocolate cake        
",/recipes/2005/fudgy-dark-chocolate-cake
"

          Quick braised cabbage with pancetta        
",/recipes/8211/quick-braised-cabbage-with-pancetta
"

          Spiced salmon with coriander mash        
",/recipes/3217/spiced-salmon-with-coriander-mash
"

          Chicory collins        
",/recipes/chicory-collins
"

          Cheese & chutney scones        
",/recipes/2536662/cheese-and-chutney-scones
"

          Balsamic blueberries with vanilla ice cream        
",/recipes/11024/balsamic-blueberries-with-vanilla-ice-cream
"

          Warm spring vegetables        
",/recipes/warm-spring-vegetables
"

          Scandi trout with fennel potato salad        
",/recipes/scandi-trout-fennel-potato-salad
"

          Ratatouille hotpot        
",/recipes/2138648/ratatouille-hotpot
"

          Rib-eye steaks with roasted roots & parsley pesto        
",/recipes/2971678/ribeye-steaks-with-roasted-roots-and-parsley-pesto
"

          Fruity spiced swirls        
",/recipes/12352/fruity-spiced-swirls
"

          Green beans & mushrooms with tangy soy dressing        
",/recipes/2162/green-beans-and-mushrooms-with-tangy-soy-dressing
"

          Halloumi & mushroom skewers        
",/recipes/644640/halloumi-and-mushroom-skewers
"

          Spicy pork & aubergine        
",/recipes/3068/spicy-pork-and-aubergine
"

          Afternoon tea churros        
",/recipes/3159680/afternoontea-churros
"

          Cranberry & clementine jelly        
",/recipes/cranberry-clementine-jelly
"

          Korean sesame pork stir-fry        
",/recipes/korean-sesame-pork-stir-fry
"

          Basil & lemon chickpeas with mackerel        
",/recipes/6617/basil-and-lemon-chickpeas-with-mackerel
"

          Cherry soya yogurt        
",/recipes/2991680/cherry-soya-yogurt
"

          Pressed picnic sandwich        
",/recipes/3094697/pressed-picnic-sandwich
"

          Green breakfast smoothie        
",/recipes/green-breakfast-smoothie
"

          Sticky marmalade pudding        
",/recipes/3153/sticky-marmalade-pudding
"

          Prawn & avocado wrap        
",/recipes/prawn-avocado-wrap
"

          Chicken noodle soup        
",/recipes/1869/chicken-noodle-soup
"

          Love bug biscuits        
",/recipes/2865683/love-bug-biscuits
"

          Beetroot, goat's cheese & anchovy salad        
",/recipes/2332/beetroot-goats-cheese-and-anchovy-salad
"

          Chicken breast with avocado salad        
",/recipes/1364637/chicken-breast-with-avocado-salad
"

          Hot toddy fruitcake        
",/recipes/2988/hot-toddy-fruitcake
"

          Crunchy baked mussels        
",/recipes/4551/crunchy-baked-mussels
"

          Maryland crabcakes          
",/recipes/2522/maryland-crabcakes--
"

          Smoky chicken with warm corn & potato salad        
",/recipes/12128/smoky-chicken-with-warm-corn-and-potato-salad
"

          Lamb kebabs with peppery lime marinade        
",/recipes/1327/lamb-kebabs-with-peppery-lime-marinade
"

          Pappardelle broad bean carbonara        
",/recipes/pappardelle-broad-bean-carbonara
"

          Sag aloo        
",/recipes/2063642/sag-aloo
"

          Lemon & rosemary roast chicken with crispy potatoes        
",/recipes/1657/lemon-and-rosemary-roast-chicken-with-crispy-potat
"

          New potatoes with spring onions & bacon        
",/recipes/3022/new-potatoes-with-spring-onions-and-bacon
"

          Wild rice, chestnut & squash stuffing        
",/recipes/890657/wild-rice-chestnut-and-squash-stuffing
"

          Patatas bravas         
",/recipes/2362/patatas-bravas-
"

          Fast-fix fried rice        
",/recipes/6350/fastfix-fried-rice
"

          Vegan tomato & mushroom pancakes        
",/recipes/448621/vegan-tomato-and-mushroom-pancakes
"

          Blueberry & lemon pancakes        
",/recipes/2907670/blueberry-and-lemon-pancakes
"

          Chargrilled artichokes with lemon        
",/recipes/2423/chargrilled-artichokes-with-lemon
"

          Seriously good spiced fruit compote        
",/recipes/1289/seriously-good-spiced-fruit-compote
"

          Turkey patty & roasted root salad with Parmesan dressing        
",/recipes/1959657/turkey-patty-and-roasted-root-salad-with-parmesan-
"

          Smoked haddock tarts        
",/recipes/smoked-haddock-tarts
"

          Mustard salmon & veg bake with horseradish sauce        
",/recipes/2472638/mustard-salmon-and-veg-bake-with-horseradish-sauce
"

          Fresh Savoy, red onion & egg pie        
",/recipes/3200/fresh-savoy-red-onion-and-egg-pie
"

          Veal stock        
",/recipes/3590/veal-stock
"

          Stuffed baby vegetables        
",/recipes/2812/stuffed-baby-vegetables
"

          Spotty blueberry & clotted cream cake        
",/recipes/2000/spotty-blueberry-and-clotted-cream-cake
"

          Funky fudge        
",/recipes/funky-fudge
"

          Lamb kofta stew with cauliflower & chickpeas        
",/recipes/lamb-kofta-stew-cauliflower-chickpeas
"

          Hot & sour aubergines        
",/recipes/hot-sour-aubergines
"

          Beefy melanzane parmigiana        
",/recipes/beefy-melanzane-parmigiana
"

          Cranberry jewelled mincemeat        
",/recipes/2608635/cranberry-jewelled-mincemeat
"

          Hot dressed sweet potato, fennel & feta parcels        
",/recipes/11018/hot-dressed-sweet-potato-fennel-and-feta-parcels
"

          Grilled salmon salad with watercress yogurt dressing        
",/recipes/11197/grilled-salmon-salad-with-watercress-yogurt-dressi
"

          Feel-good muffins        
",/recipes/1367/feelgood-muffins
"

          Braised beef with anchovy toasts        
",/recipes/1759645/braised-beef-with-anchovy-toasts
"

          Shredded sesame chicken pancakes with spiced plum sauce        
",/recipes/3161687/shredded-sesame-chicken-pancakes-with-spiced-plum-
"

          English madeleines        
",/recipes/2957673/english-madeleines
"

          Mary Cadogan's salmon with a cheesy crunch crust        
",/recipes/1193/mary-cadogans-salmon-with-a-cheesy-crunch-crust
"

          Lemony prawn bruschettas        
",/recipes/9069/lemony-prawn-bruschettas
"

          Red cabbage with beetroot        
",/recipes/74602/red-cabbage-with-beetroot
"

          10-minute tuna-bean toasts        
",/recipes/3132/10minute-tunabean-toasts
"

          Moroccan vegetable stew        
",/recipes/moroccan-vegetable-stew
"

          Frazzled chorizo & rocket linguine        
",/recipes/1506639/frazzled-chorizo-and-rocket-linguine
"

          Baked aubergine stuffed with roast pumpkin, feta & walnut with minted courgettes        
",/recipes/13096/baked-aubergine-stuffed-with-roast-pumpkin-feta-an
"

          The ultimate makeover: Sausage rolls        
",/recipes/1415684/the-ultimate-makeover-sausage-rolls
"

          Saucy sausage pasta        
",/recipes/1487/saucy-sausage-pasta
"

          Christmas crumble friands        
",/recipes/christmas-crumble-friands
"

          Gooseberry & elderflower fizz        
",/recipes/gooseberry-elderflower-fizz
"

          Stuffed peppers on the barbie        
",/recipes/3304/stuffed-peppers-on-the-barbie
"

          Easy pesto lasagne        
",/recipes/easy-pesto-lasagne
"

          Mini chicken bagel burgers         
",/recipes/4507/mini-chicken-bagel-burgers-
"

          Artichoke, garlic & potato mash        
",/recipes/1109636/artichoke-garlic-and-potato-mash
"

          Meatballs with vine tomato sauce        
",/recipes/1603/meatballs-with-vine-tomato-sauce
"

          Haddock & sweetcorn soup        
",/recipes/9822/haddock-and-sweetcorn-soup
"

          Apricot, cardamom & pistachio ice lollies        
",/recipes/apricot-cardamom-pistachio-ice-lollies
"

          Basic biscuit dough        
",/recipes/3468/basic-biscuit-dough
"

          Griddled tuna with bean & tomato salad        
",/recipes/1726/griddled-tuna-with-bean-and-tomato-salad
"

          Zesty haddock with crushed potatoes & peas        
",/recipes/1079633/zesty-haddock-with-crushed-potatoes-and-peas
"

          Caramelised onion tart        
",/recipes/caramelised-onion-tart
"

          Cherry tomato, thyme & bacon flan        
",/recipes/1049/cherry-tomato-thyme-and-bacon-flan
"

          Lemon panna cotta with blackberries & honey madeleines        
",/recipes/756638/lemon-panna-cotta-with-blackberries-and-honey-made
"

          Spiced okra curry        
",/recipes/11263/spiced-okra-curry
"

          Lazy cheesy vegetable hotpot        
",/recipes/1825/lazy-cheesy-vegetable-hotpot
"

          Party vol-au-vents        
",/recipes/2219652/party-volauvents
"

          Sausage & lentil traybake        
",/recipes/sausage-lentil-traybake
"

          Sweet potato & ginger parcels        
",/recipes/408639/sweet-potato-and-ginger-parcels
"

          Ember-baked focaccia stacks        
",/recipes/11014/emberbaked-focaccia-stacks
"

          Runner bean, smoked trout & potato salad        
",/recipe/runner-bean-smoked-trout-potato-salad
"

          20-minute beef in red wine        
",/recipes/2908/20minute-beef-in-red-wine
"

          Spiced pickled shallots        
",/recipes/spiced-pickled-shallots
"

          Warm butterscotch dippers        
",/recipes/1093/warm-butterscotch-dippers
"

          Roasted duck breast with plum sauce        
",/recipes/251627/roasted-duck-breast-with-plum-sauce
"

          Rustic harvest fruit tart        
",/recipes/rustic-harvest-fruit-tart
"

          Double salmon roll        
",/recipes/853635/double-salmon-roll
"

          Potted salmon rillette        
",/recipes/potted-salmon-rillette-0
"

          Sparkling vanilla Christmas cookies        
",/recipes/2798/sparkling-vanilla-christmas-cookies
"

          Lemon & caraway roulade        
",/recipes/3719/lemon-and-caraway-roulade
"

          Pork cassoulet        
",/recipes/jacks-pork-cassoulet
"

          Ricotta toasts with rocket & pine nut salsa        
",/recipes/532639/ricotta-toasts-with-rocket-and-pine-nut-salsa
"

          Fruity lamb tagine        
",/recipes/12751/fruity-lamb-tagine
"

          Raspberry meringue ice-cream cake        
",/recipes/7064/raspberry-meringue-icecream-cake
"

          Chunky chilli wraps        
",/recipes/1450/chunky-chilli-wraps
"

          Apple & pear fritters        
",/recipes/9019/apple-and-pear-fritters
"

          Scandi smoked salmon        
",/recipes/2743662/scandi-smoked-salmon
"

          Spinach baked eggs with parmesan & tomato toasts         
",/recipes/4553/spinach-baked-eggs-with-parmesan-and-tomato-toasts
"

          Lentil & sweet potato curry        
",/recipes/lentil-sweet-potato-curry
"

          Herby feta & nectarine salad with lemon poppy seed dressing        
",/recipes/2358647/herby-feta-and-nectarine-salad-with-lemon-poppy-se
"

          Roasted onion soup with goat's cheese toasts        
",/recipes/335607/roasted-onion-soup-with-goats-cheese-toasts
"

          Sticky date & raisin pudding        
",/recipes/2760968/sticky-date-and-raisin-pudding
"

          Veggie peanut noodles with coriander omelette ribbons        
",/recipe/veggie-peanut-noodles-coriander-omelette-ribbons
"

          Raspberry & almond traybake        
",/recipes/1868/raspberry-and-almond-traybake
"

          Focaccia with pesto & mozzarella        
",/recipes/12336/focaccia-with-pesto-and-mozzarella
"

          Green beans with wholegrain mustard        
",/recipes/green-beans-wholegrain-mustard
"

          Rhubarb & custard tart        
",/recipes/rhubarb-custard-tart
"

          Harissa fish goujons in lettuce cups        
",/recipes/harissa-fish-goujons-lettuce-cups
"

          Sesame baby carrots        
",/recipes/5897/sesame-baby-carrots
"

          Veggie tahini lentils        
",/recipes/veggie-tahini-lentils
"

          Ensalada Sierra (Andean quinoa salad)        
",/recipes/ensalada-sierra-quinoa-salad
"

          Quinoa, lentil & feta salad        
",/recipes/11199/quinoa-lentil-and-feta-salad
"

          Minty lamb flatbreads        
",/recipes/144606/minty-lamb-flatbreads
"

          Campari & soda        
",/recipes/2534655/campari-and-soda
"

          Free-form asparagus & potato tart        
",/recipes/free-form-asparagus-potato-tart
"

          Christmas cosmopolitan        
",/recipes/889643/christmas-cosmopolitan
"

          Crispy-skin chicken thighs        
",/recipes/2397/crispyskin-chicken-thighs
"

          Gluten-free storecupboard fishcakes        
",/recipes/gluten-free-storecupboard-fishcakes
"

          Very berry trifle          
",/recipes/2807667/very-berry-trifle-
"

          Turkish pilaf with saffron & goji berries        
",/recipes/turkish-pilaf-saffron-goji-berries
"

          The ultimate makeover: Spaghetti carbonara        
",/recipes/1572659/the-ultimate-makeover-spaghetti-carbonara
"

          Italian sausage & pasta pot        
",/recipes/1758648/italian-sausage-and-pasta-pot
"

          Tiny toads        
",/recipes/1464/tiny-toads
"

          Friday night fish pie        
",/recipes/235611/friday-night-fish-pie
"

          Salmon & ginger fish cakes        
",/recipes/665641/salmon-and-ginger-fish-cakes
"

          Speedy soy spinach        
",/recipes/2212/speedy-soy-spinach
"

          Cauliflower cheese mash with thyme        
",/recipes/2852680/cauliflower-cheese-mash-with-thyme
"

          Fussy eaters top-your-own sweet tomato pasta        
",/recipes/fussy-eaters-top-your-own-sweet-tomato-pasta
"

          Easy creamed spinach        
",/recipes/easy-creamed-spinach
"

          French rhubarb tart        
",/recipes/2955674/french-rhubarb-tart
"

          Creamy lemon, pancetta & rosemary turkey        
",/recipes/4985/creamy-lemon-pancetta-and-rosemary-turkey
"

          Duck with red cabbage & Madeira gravy        
",/recipes/2297/duck-with-red-cabbage-and-madeira-gravy
"

          Asian-style fish & chips        
",/recipes/asian-style-fish-chips
"

          Autumn tomato chutney        
",/recipes/2644/autumn-tomato-chutney
"

          Runner beans with rocket & Parmesan        
",/recipe/runner-beans-rocket-parmesan
"

          Spiced slow-roast pork        
",/recipes/1977644/spiced-slowroast-pork
"

          Ballotine of pheasant        
",/recipes/ballotine-pheasant
"

          Leek & bacon soup        
",/recipes/2552/leek-and-bacon-soup
"

          Mini eclairs        
",/recipes/2853662/mini-eclairs
"

          Coconut ice squares        
",/recipes/2799/coconut-ice-squares
"

          Rolled pork belly with herby apricot & honey stuffing        
",/recipes/3087682/rolled-pork-belly-with-herby-apricot-and-honey-stu
"

          Meatloaf burger with harissa mayo        
",/recipes/2982677/meatloaf-burger-with-harissa-mayo
"

          Teriyaki steak with fennel slaw        
",/recipes/11201/teriyaki-steak-with-fennel-slaw
"

          Smoked haddock & corn hash        
",/recipes/smoked-haddock-corn-hash
"

          Clementine & honey couscous        
",/recipes/clementine-honey-couscous
"

          Creamy tagliatelle with fennel        
",/recipes/1262638/creamy-tagliatelle-with-fennel
"

          Roast tomatoes with asparagus & black olives        
",/recipes/1901/roast-tomatoes-with-asparagus-and-black-olives
"

          Salted caramel sauce        
",/recipes/2760969/salted-caramel-sauce
"

          Mashed parsnip & sprout colcannon        
",/recipes/893656/mashed-parsnip-and-sprout-colcannon
"

          Cheesy Swiss bake        
",/recipes/1928/cheesy-swiss-bake
"

          Mexican chilli chicken        
",/recipes/3479/mexican-chilli-chicken
"

          Lamb & Dauphinoise hotpot        
",/recipes/lamb-dauphinoise-hotpot
"

          Meatball & mozzarella bake        
",/recipes/3018690/meatball-and-mozzarella-bake
"

          Sticky thyme & mustard bacon chops        
",/recipes/251620/sticky-thyme-and-mustard-bacon-chops
"

          Sardines with chickpeas, lemon & parsley        
",/recipes/1540/sardines-with-chickpeas-lemon-and-parsley
"

          Leeks with bacon & mushrooms        
",/recipes/1916642/leeks-with-bacon-and-mushrooms
"

          Cinnamon porridge with banana & berries        
",/recipes/1507664/cinnamon-porridge-with-banana-and-berries
"

          Cherry blossom cake        
",/recipe/cherry-blossom-cake
"

          Grilled mackerel with soy, lime & ginger        
",/recipes/1755645/grilled-mackerel-with-soy-lime-and-ginger
"

          Tuna & red onion salad        
",/recipes/1406/tuna-and-red-onion-salad
"

          Tomato, watermelon & feta salad with mint dressing        
",/recipes/1411656/tomato-watermelon-and-feta-salad-with-mint-dressin
"

          Blackberry custard tarts        
",/recipes/2539641/blackberry-custard-tarts
"

          Leftover lamb & potato pie        
",/recipes/2066653/leftover-lamb-and-potato-pie
"

          Lemon & chilli sesame pork with mangetout        
",/recipes/4947/lemon-and-chilli-sesame-pork-with-mangetout
"

          Hearty lamb & barley soup        
",/recipes/9065/hearty-lamb-and-barley-soup
"

          Ricotta gnudi with sage butter        
",/recipes/ricotta-gnudi-sage-butter
"

          Simple coconut & bean soup         
",/recipes/11741/simple-coconut-and-bean-soup-
"

          Hazelnut meringues with hazelnut praline & chocolate sauce        
",/recipes/13014/hazelnut-meringues-with-hazelnut-praline-and-choco
"

          Thai-style fish broth with greens        
",/recipes/2141645/thaistyle-fish-broth-with-greens
"

          Salmon club sandwich        
",/recipes/salmon-club-sandwich
"

          Ham, turkey & sprout pie        
",/recipes/ham-turkey-sprout-pie
"

          Anytime eggs        
",/recipes/4764/anytime-eggs
"

          Cheesy bonfire bread        
",/recipes/1091/cheesy-bonfire-bread
"

          Roasted butternut squash soup        
",/recipes/1758655/roasted-butternut-squash-soup
"

          Orange frosted panettone cake        
",/recipes/9258/orange-frosted-panettone-cake
"

          Mixed seed bread        
",/recipes/2069/mixed-seed-bread
"

          Spiced pepper pilafs        
",/recipes/1022634/spiced-pepper-pilafs
"

          Gooseberry & elderflower yogurt ice        
",/recipe/gooseberry-elderflower-yogurt-ice
"

          Pot-roast pheasant with cider & bacon        
",/recipes/2534650/potroast-pheasant-with-cider-and-bacon
"

          Portuguese braised steak & onions        
",/recipes/335612/portuguese-braised-steak-and-onions
"

          Gnocchi with two cheeses & bacon        
",/recipes/3065/gnocchi-with-two-cheeses-and-bacon
"

          Hot game pie         
",/recipes/2453/hot-game-pie-
"

          Poached pears in spiced tea        
",/recipes/13144/poached-pears-in-spiced-tea
"

          Cacciatore chicken        
",/recipes/2865685/cacciatore-chicken
"

          Warm chickpea, fennel & pepper salad        
",/recipes/1762/warm-chickpea-fennel-and-pepper-salad
"

          Japanese-style beef bowl        
",/recipes/japanese-style-beef-bowl
"

          Sweet potato & pineapple korma        
",/recipes/2621/sweet-potato-and-pineapple-korma
"

          Winter crunch salad        
",/recipes/1151/winter-crunch-salad
"

          Creamy ham & mustard chicken        
",/recipes/1022637/creamy-ham-and-mustard-chicken
"

          Tomato baked eggs        
",/recipes/1853/tomato-baked-eggs
"

          Apricot conserve         
",/recipes/11757/apricot-conserve-
"

          Rigatoni with rich mushroom sauce        
",/recipes/4782/rigatoni-with-rich-mushroom-sauce
"

          Clementine, cranberry & pistachio meringue wreath        
",/recipes/clementine-cranberry-pistachio-meringue-wreath-0
"

          Cocktail blinis        
",/recipes/cocktail-blinis
"

          Family meals: Mild chicken curry        
",/recipes/2685649/family-meals-mild-chicken-curry
"

          Spiced salmon coulibiac        
",/recipes/spiced-salmon-coulibiac
"

          Simple seafood chowder        
",/recipes/2121649/simple-seafood-chowder
"

          Blood orange & dark chocolate madeleines        
",/recipes/blood-orange-dark-chocolate-madeleines
"

          Salmon burgers with kale salsa        
",/recipes/salmon-burgers-kale-salsa
"

          Portobello & blue cheese melts        
",/recipes/1395640/portobello-and-blue-cheese-melts
"

          Gravadlax temptation        
",/recipes/2050/gravadlax-temptation
"

          Crunchy green beans with radishes        
",/recipes/2375/crunchy-green-beans-with-radishes
"

          Couscous with chorizo & chickpeas        
",/recipes/3097/couscous-with-chorizo-and-chickpeas
"

          Tofu escalopes with black olive salsa verde        
",/recipes/tofu-escalopes-black-olive-salsa-verde
"

          Baked lemon & vanilla rice pudding        
",/recipes/1898656/baked-lemon-and-vanilla-rice-pudding
"

          Frozen banana & peanut butter cheesecake        
",/recipes/3722/frozen-banana-and-peanut-butter-cheesecake
"

          Fried green tomatoes with ripe tomato salsa        
",/recipes/741638/fried-green-tomatoes-with-ripe-tomato-salsa
"

          Creamy ham & mushroom pasta bake        
",/recipes/9536/creamy-ham-and-mushroom-pasta-bake
"

          Blackberry & pear scrumble        
",/recipes/1580646/blackberry-and-pear-scrumble
"

          Herbed chicken skewers        
",/recipes/2974/herbed-chicken-skewers
"

          Roast duck legs with red wine sauce        
",/recipes/1188/roast-duck-legs-with-red-wine-sauce
"

          Cheshire cheese, spinach & watercress salad        
",/recipes/2724/cheshire-cheese-spinach-and-watercress-salad
"

          Green curry paste        
",/recipes/1916652/green-curry-paste
"

          Sweet sesame chilli chicken        
",/recipes/sweet-sesame-chilli-chicken
"

          Tricolore pizza with basil oil        
",/recipes/6636/tricolore-pizza-with-basil-oil
"

          Fish cake fingers        
",/recipes/fish-cake-fingers
"

          Lemon & pepper fish with roasted veg        
",/recipes/lemon-pepper-fish-roasted-veg
"

          Crisp sea bass with minted fennel & radish salad        
",/recipes/7775/crisp-sea-bass-with-minted-fennel-and-radish-salad
"

          Merry cherry fizz        
",/recipes/1841673/merry-cherry-fizz
"

          All-in-one gammon, egg & chips        
",/recipes/1267635/allinone-gammon-egg-and-chips
"

          White chocolate fondue         
",/recipes/2207/white-chocolate-fondue-
"

          Italian rice with chicken        
",/recipes/2342/italian-rice-with-chicken
"

          Trout en papillote        
",/recipes/5130/trout-en-papillote
"

          Cajun turkey wraps with sweetcorn salsa        
",/recipes/518632/cajun-turkey-wraps-with-sweetcorn-salsa
"

          Smart crab linguine        
",/recipes/2121673/smart-crab-linguine
"

          Mussel, bacon & brie tartlets        
",/recipes/1929/mussel-bacon-and-brie-tartlets
"

          Orange & apricot loaf cake        
",/recipes/orange-apricot-loaf-cake
"

          Warm chicken liver salad        
",/recipes/1120674/warm-chicken-liver-salad
"

          Bacon & egg pies        
",/recipes/2137657/bacon-and-egg-pies
"

          Chocolate coconut banoffee pie        
",/recipes/2837663/chocolate-coconut-banoffee-pie
"

          Rhubarb custard tart        
",/recipes/1953/rhubarb-custard-tart
"

          Spanish roast fish with broad beans & chorizo        
",/recipes/spanish-roast-fish-broad-beans-chorizo
"

          Broad bean, pea & orzo salad        
",/recipes/2196658/broad-bean-pea-and-orzo-salad
"

          Christmas Snowball        
",/recipes/nancys-snowball
"

          Duck & beetroot toasts        
",/recipes/6433/duck-and-beetroot-toasts
"

          Feta tabbouleh with aubergines        
",/recipes/6301/feta-tabbouleh-with-aubergines
"

          Roast tomatoes with pesto        
",/recipes/1534/roast-tomatoes-with-pesto
"

          Spiralized Singapore noodles        
",/recipes/spiralized-singapore-noodles
"

          Hot-smoked salmon, double cress & potato salad platter        
",/recipes/408619/hotsmoked-salmon-double-cress-and-potato-salad-pla
"

          Chickpea & red pepper dip        
",/recipes/2701/chickpea-and-red-pepper-dip
"

          Cucumber & mint relish        
",/recipes/cucumber-mint-relish
"

          Brownie fudge pie        
",/recipes/1759646/brownie-fudge-pie
"

          Barbecued pork with sage, lemon & prosciutto        
",/recipes/2980/barbecued-pork-with-sage-lemon-and-prosciutto
"

          White chocolate & cherry loaf        
",/recipes/7034/white-chocolate-and-cherry-loaf
"

          Sweet potato, avocado & feta muffins        
",/recipes/sweet-potato-avocado-feta-muffins
"

          Spanish sausage & spud skewers        
",/recipes/spanish-sausage-spud-skewers
"

          Low-fat chicken biryani        
",/recipes/2624637/lowfat-chicken-biryani
"

          Root vegetable & mustard mash        
",/recipes/1799634/root-vegetable-and-mustard-mash
"

          Bloody Mary Bolognese        
",/recipes/12758/bloody-mary-bolognese
"

          Rudolph's snowball carrot muffins        
",/recipes/5053/rudolphs-snowball-carrot-muffins
"

          Mulled wine kit        
",/recipes/2921/mulled-wine-kit
"

          Courgette, basil & almond pasta        
",/recipes/4466/courgette-basil-and-almond-pasta
"

          Cocktail truffle selection        
",/recipes/cocktail-truffle-selection
"

          Spicy Moroccan eggs        
",/recipes/spicy-moroccan-eggs
"

          Lamb with spicy chickpeas        
",/recipes/5940/lamb-with-spicy-chickpeas
"

          Easy wreath cake        
",/recipes/889662/easy-wreath-cake
"

          Chow mein        
",/recipes/chow-mein
"

          Simmered squid        
",/recipes/2852681/simmered-squid
"

          Beetroot, bean & feta salad        
",/recipes/1203/beetroot-bean-and-feta-salad
"

          Speedy spaghetti with clams        
",/recipes/1815/speedy-spaghetti-with-clams
"

          Apple & mustard pork burgers        
",/recipes/apple-mustard-pork-burgers
"

          Italian cookies & ice cream        
",/recipes/3123/italian-cookies-and-ice-cream
"

          Spicy beef, shiitake & aubergine stir-fry        
",/recipes/1959659/spicy-beef-shiitake-and-aubergine-stirfry
"

          Gypsy tart with lemon cream        
",/recipes/gypsy-tart-lemon-cream
"

          Pumpkin Pie        
",/recipes/1742633/pumpkin-pie
"

          Spaghetti with lemon & olives        
",/recipes/2277/spaghetti-with-lemon-and-olives
"

          Sticky jerk & brown sugar ribs with pineapple rice        
",/recipes/3161688/sticky-jerk-and-brown-sugar-ribs-with-pineapple-ri
"

          Thai chicken curry        
",/recipes/1788/thai-chicken-curry
"

          Chorizo, new potato & haddock one-pot        
",/recipes/10583/chorizo-new-potato-and-haddock-onepot
"

          Beer-braised beef cheek, pearl barley risotto, malted onions & ale sauce        
",/recipes/beer-braised-beef-cheek-pearl-barley-risotto-malted-onions-ale-sauce
"

          Leftover veg & orange cake        
",/recipes/1826702/leftover-veg-and-orange-cake
"

          Watercress mayonnaise        
",/recipes/10870/watercress-mayonnaise
"

          Spicy smoked fish cakes with herb salad & eggs        
",/recipes/62602/spicy-smoked-fish-cakes-with-herb-salad-and-eggs
"

          Chard, sweet potato & peanut stew        
",/recipes/420645/chard-sweet-potato-and-peanut-stew
"

          Prawns with Romesco sauce        
",/recipes/1182/prawns-with-romesco-sauce
"

          Easy hot cross buns        
",/recipes/10119/easy-hot-cross-buns
"

          Lamb with thyme-roasted potatoes        
",/recipes/1022643/lamb-with-thymeroasted-potatoes
"

          From-the-fridge omelette        
",/recipes/4669/fromthefridge-omelette
"

          Crisp spiced fish fingers        
",/recipes/587631/crisp-spiced-fish-fingers
"

          Pot-roast veal with new-season carrots & orange        
",/recipes/3087675/potroast-veal-with-newseason-carrots-and-orange
"

          Crazy cookies        
",/recipes/847648/crazy-cookies
"

          Green masala butternut squash curry        
",/recipes/green-masala-butternut-squash-curry
"

          Salad Nicoise        
",/recipes/4580/salad-nicoise
"

          Cauliflower & macaroni cheese        
",/recipes/1649633/cauliflower-and-macaroni-cheese
"

          Taleggio tart with walnut pastry        
",/recipes/taleggio-tart-walnut-pastry
"

          Berry omelette        
",/recipes/berry-omelette
"

          Indian mince with fresh tomato salad        
",/recipes/11752/indian-mince-with-fresh-tomato-salad
"

          Crunchy raspberry ripple terrine        
",/recipes/2485/crunchy-raspberry-ripple-terrine
"

          Quince & rosewater jelly and Quince paste        
",/recipes/2667653/quince-and-rosewater-jelly-and-quince-paste
"

          Spring greens, fennel & apples        
",/recipes/3087687/spring-greens-fennel-and-apples
"

          Mini hasselbacks with dill        
",/recipes/mini-hasselbacks-dill
"

          Apple & blackberry rice        
",/recipes/2918/apple-and-blackberry-rice
"

          Stir-fry noodle salad        
",/recipes/4424/stirfry-noodle-salad
"

          10-minute steak & blue cheese wrap        
",/recipes/3206/10minute-steak-and-blue-cheese-wrap
"

          Orange & pomegranate cheesecake        
",/recipes/2853669/orange-and-pomegranate-cheesecake
"

          Greek roast lamb        
",/recipes/5892/greek-roast-lamb
"

          Toffee apple pudding        
",/recipes/3331/toffee-apple-pudding
"

          Chicken, broccoli & beetroot salad with avocado pesto        
",/recipes/chicken-broccoli-beetroot-salad-avocado-pesto
"

          Pink lemonade        
",/recipes/11288/pink-lemonade
"

          Rustic courgette, pine nut & ricotta tart        
",/recipes/11207/rustic-courgette-pine-nut-and-ricotta-tart
"

          Spiced French toast        
",/recipes/1167658/spiced-french-toast
"

          Storecupboard rarebit        
",/recipes/1480/storecupboard-rarebit
"

          Apricot stilton pots        
",/recipes/2902/apricot-stilton-pots
"

          Choc chunk, cashew & cranberry cookies        
",/recipes/choc-chunk-cashew-cranberry-cookies
"

          Herby toad in the hole        
",/recipes/1758645/herby-toad-in-the-hole
"

          Festive fruit & nut cake        
",/recipes/2180/festive-fruit-and-nut-cake
"

          Honey-roasted swede with chilli & cumin        
",/recipes/2955690/honeyroasted-swede-with-chilli-and-cumin
"

          Buttercream        
",/recipes/2451647/buttercream
"

          Stuffed Moroccan pitta        
",/recipes/stuffed-moroccan-pitta
"

          Chorizo & fried egg wraps        
",/recipes/1506641/chorizo-and-fried-egg-wraps
"

          Sticky slow-roast belly of pork        
",/recipes/9098/sticky-slowroast-belly-of-pork
"

          Prawn jalfrezi        
",/recipes/prawn-jalfrezi
"

          Mustardy baked onions        
",/recipes/1959665/mustardy-baked-onions
"

          Margherita s'mores        
",/recipes/margherita-smore
"

          Red rice & chicken salad with pomegranate & feta        
",/recipes/1553643/red-rice-and-chicken-salad-with-pomegranate-and-fe
"

          Roasted summer veg & pancetta pasta        
",/recipes/2248643/roasted-summer-veg-and-pancetta-pasta
"

          Diamond Jubilee chicken        
",/recipes/2219660/diamond-jubilee-chicken
"

          Sweet chilli bangers        
",/recipes/8000/sweet-chilli-bangers
"

          Asian tofu with stir-fried noodles, pak choi & sugar snap peas        
",/recipes/asian-tofu-stir-fried-noodles-pak-choi-sugar-snap-peas
"

          Honey-roasted duck with creamed cauliflower        
",/recipes/1285/honeyroasted-duck-with-creamed-cauliflower
"

          Festive filled brioche centrepiece with baked Camembert        
",/recipes/festive-filled-brioche-centrepiece-baked-camembert
"

          Prawn & pea korma        
",/recipes/874647/prawn-and-pea-korma
"

          Sweet & spicy apricot chicken        
",/recipes/1016/sweet-and-spicy-apricot-chicken
"

          Chicken, ham, leek & roast potato pie        
",/recipes/1813647/chicken-ham-leek-and-roast-potato-pie
"

          Artichoke soup with Parmesan sticks        
",/recipes/2569/artichoke-soup-with-parmesan-sticks
"

          Red velvet choc-cherry cupcakes        
",/recipes/2928667/red-velvet-choccherry-cupcakes
"

          Grilled fish with chunky avocado salsa        
",/recipes/2076/grilled-fish-with-chunky-avocado-salsa
"

          Chilled minty courgette soup        
",/recipes/2989/chilled-minty-courgette-soup
"

          Individual summer puddings        
",/recipes/individual-summer-puddings
"

          Vegetable balti        
",/recipes/1374/vegetable-balti
"

          Roast pork with apples, cider vinegar & rosemary        
",/recipes/1350/roast-pork-with-apples-cider-vinegar-and-rosemary
"

          Fennel gimlet        
",/recipes/fennel-gimlet
"

          Lancashire hotpot        
",/recipes/9099/lancashire-hotpot
"

          Curried chicken & new potato traybake        
",/recipes/curried-chicken-new-potato-traybake
"

          Brussels sprouts with chestnut bacon butter        
",/recipes/3063/brussels-sprouts-with-chestnut-bacon-butter
"

          Balsamic pickled shallots        
",/recipes/7723/balsamic-pickled-shallots
"

          Sizzling steak with shallot marinade        
",/recipes/2194/sizzling-steak-with-shallot-marinade
"

          Spiced parsnip shepherd's pies        
",/recipes/3439/spiced-parsnip-shepherds-pies
"

          Ham, pea & mint pasties        
",/recipes/461644/ham-pea-and-mint-pasties
"

          Goat's cheese, pea & bean frittata        
",/recipes/13143/goats-cheese-pea-and-bean-frittata
"

          Cauliflower cheese soup        
",/recipes/3327/cauliflower-cheese-soup
"

          Cookies & cream ice cream        
",/recipes/7047/cookies-and-cream-ice-cream
"

          Skinny chocolate & cranberry muffins        
",/recipes/252615/skinny-chocolate-and-cranberry-muffins
"

          Omelette pancakes with tomato & pepper sauce        
",/recipes/omelette-pancakes-tomato-pepper-sauce
"

          Vintage chocolate chip cookies        
",/recipes/2459643/vintage-chocolate-chip-cookies
"

          Fattoush        
",/recipes/fattoush
"

          Snowman in the garden cake        
",/recipes/2997/snowman-in-the-garden-cake
"

          Fruity white wine punch        
",/recipes/4637/fruity-white-wine-punch
"

          Roast pork with fennel & rosemary        
",/recipe/roast-pork-fennel-rosemary
"

          Mushroom & basil omelette with smashed tomato        
",/recipes/mushroom-basil-omelette-smashed-tomato
"

          Battered Amritsari fish        
",/recipes/battered-amritsari-fish
"

          Melon & crunchy bran pots        
",/recipes/1897714/melon-and-crunchy-bran-pots
"

          Pork chops with fruity red cabbage        
",/recipes/2630/pork-chops-with-fruity-red-cabbage
"

          Chorizo & tomato salad        
",/recipes/10783/chorizo-and-tomato-salad
"

          Pecan toffee meringue with mulled pears        
",/recipes/3421/pecan-toffee-meringue-with-mulled-pears
"

          Herb-crusted leg of lamb with red wine gravy        
",/recipes/herb-crusted-leg-lamb-red-wine-gravy
"

          Herby couscous with citrus & pomegranate dressing        
",/recipes/9841/herby-couscous-with-citrus-and-pomegranate-dressin
"

          Buttered peas & leeks        
",/recipes/893651/buttered-peas-and-leeks
"

          Melting nachos with shredded gammon        
",/recipes/1813662/melting-nachos-with-shredded-gammon
"

          Hearty mushroom soup        
",/recipes/1608/hearty-mushroom-soup
"

          Raspberry & dark chocolate teacakes        
",/recipes/raspberry-dark-chocolate-teacakes
"

          Feta, avocado & red pepper salad with honey-lime dressing        
",/recipes/2399/feta-avocado-and-red-pepper-salad-with-honeylime-d
"

          Black bean tostadas with avocado salsa        
",/recipes/1840667/black-bean-tostadas-with-avocado-salsa
"

          Crunchy beetroot slaw with grilled chicken        
",/recipes/7657/crunchy-beetroot-slaw-with-grilled-chicken
"

          Cauli cheese macaroni        
",/recipes/cauli-cheese-macaroni
"

          Vanilla cupcake bouquet        
",/recipes/vanilla-cupcake-bouquet
"

          Mango tea loaf plait        
",/recipes/9631/mango-tea-loaf-plait
"

          Mississippi mud pie        
",/recipes/mississippi-mud-pie
"

          Chocolate muffins with hot chocolate custard        
",/recipes/3970/chocolate-muffins-with-hot-chocolate-custard
"

          Creamy spinach soup        
",/recipes/1571/creamy-spinach-soup
"

          Mexican chicken tortillas        
",/recipes/1447/mexican-chicken-tortillas
"

          Salmon & spinach tart        
",/recipes/salmon-spinach-tart
"

          Chocolate banana ice cream        
",/recipes/chocolate-banana-ice-cream
"

          Barbecued chicken fajita skewers        
",/recipes/barbecued-chicken-fajita-skewers
"

          Roasted red pepper & parsley pesto with penne        
",/recipe/roasted-red-pepper-parsley-pesto-penne
"

          Waldorf slaw        
",/recipes/843646/waldorf-slaw
"

          Vitality veggie pasta        
",/recipes/1505/vitality-veggie-pasta
"

          Mexican corn salad        
",/recipes/mexican-corn-salad
"

          Vegan cashew cream cheese        
",/recipes/vegan-cashew-cream-cheese
"

          Salmon & rocket pasta        
",/recipes/2203/salmon-and-rocket-pasta
"

          Dorset apple cake        
",/recipes/dorset-apple-cake
"

          Spinach & ricotta cannelloni        
",/recipes/531632/spinach-and-ricotta-cannelloni
"

          Mexican tuna & bean salad        
",/recipes/2913/mexican-tuna-and-bean-salad
"

          Maple crunch ice cream        
",/recipes/8270/maple-crunch-ice-cream
"

          Mixed greens with walnuts         
",/recipes/146616/mixed-greens-with-walnuts-
"

          Braised pork with plums        
",/recipes/12841/braised-pork-with-plums
"

          Rhubarb fool trifle        
",/recipes/1954/rhubarb-fool-trifle
"

          Canadian butter tarts        
",/recipes/1837/canadian-butter-tarts
"

          Ham & cheese croquetas        
",/recipes/ham-cheese-croquetas
"

          Spiced prawn & coconut pilaf        
",/recipes/11202/spiced-prawn-and-coconut-pilaf
"

          Turkey & potato curry        
",/recipes/turkey-potato-curry
"

          Molten toffee puddings        
",/recipes/2774680/molten-toffee-puddings
"

          Glazed sesame salmon        
",/recipes/glazed-sesame-salmon
"

          Salsa chicken peppers        
",/recipes/5964/salsa-chicken-peppers
"

          Brie, courgette & red pepper muffins        
",/recipes/brie-courgette-red-pepper-muffins
"

          Broccoli soup with cheese toasties        
",/recipes/1039638/broccoli-soup-with-cheese-toasties
"

          Cajun chicken & pineapple burger        
",/recipes/cajun-chicken-pineapple-burger
"

          Sugared flower shortbreads        
",/recipes/sugared-flower-shortbreads
"

          Amaretto meringue cake with strawberries & cherries        
",/recipes/amaretto-meringue-cake-strawberries-cherries
"

          Akoori (Indian scrambled eggs)        
",/recipes/akoori-indian-scrambled-eggs
"

          Quinoa, pea & avocado salad        
",/recipes/quinoa-pea-avocado-salad
"

          Gingerbread gift jars        
",/recipes/1840651/gingerbread-gift-jars
"

          Artichokes & herby olive sauce        
",/recipes/643635/artichokes-and-herby-olive-sauce
"

          Prawn, fennel & rocket risotto        
",/recipes/prawn-fennel-rocket-risotto
"

          Soft-boiled duck egg with bacon & asparagus soldiers        
",/recipes/3078686/softboiled-duck-egg-with-bacon-and-asparagus-soldi
"

          Prawn & fennel bisque        
",/recipes/71600/prawn-and-fennel-bisque
"

          Potato & radish salad        
",/recipes/1162681/potato-and-radish-salad
"

          Shaved asparagus salad        
",/recipes/5924/shaved-asparagus-salad
"

          Chocolate gingerbread brownie bars with fudgy icing        
",/recipes/chocolate-gingerbread-brownie-bars-fudgy-icing
"

          Spanish potatoes        
",/recipes/10047/spanish-potatoes
"

          Runner beans with shallot butter        
",/recipes/1318/runner-beans-with-shallot-butter
"

          Artichoke & mint dip        
",/recipes/2678/artichoke-and-mint-dip
"

          Salt beef club with Cajun fries        
",/recipes/2121671/salt-beef-club-with-cajun-fries
"

          Sweet & sour lentil dhal with grilled aubergine        
",/recipes/1364636/sweet-and-sour-lentil-dhal-with-grilled-aubergine
"

          Italian tuna balls        
",/recipes/4463/italian-tuna-balls
"

          Red cabbage with apples & star anise        
",/recipes/1977640/red-cabbage-with-apples-and-star-anise
"

          Chilli avocado        
",/recipes/chilli-avocado
"

          Chorizo & broad bean risotto         
",/recipes/1758643/chorizo-and-broad-bean-risotto-
"

          Root veg & ricotta lasagne        
",/recipes/root-veg-ricotta-lasagne
"

          Chocoholic's Christmas pudding        
",/recipes/5046/chocoholics-christmas-pudding
"

          The ultimate makeover: French onion soup        
",/recipes/9079/the-ultimate-makeover-french-onion-soup
"

          Bitter orange & cardamom martinis        
",/recipes/72602/bitter-orange-and-cardamom-martinis
"

          Really easy beefburgers        
",/recipes/6513/really-easy-beefburgers
"

          Classic spaghetti        
",/recipes/2767/classic-spaghetti
"

          Sole goujons with mango & lime dip        
",/recipes/sole-goujons-mango-lime-dip
"

          Raspberry almond bites        
",/recipes/11604/raspberry-almond-bites
"

          Sea trout with samphire, potted shrimp & lemon        
",/recipes/3087679/sea-trout-with-samphire-potted-shrimp-and-lemon
"

          Griddled asparagus with flaked almonds & butter        
",/recipes/2137641/griddled-asparagus-with-flaked-almonds-and-butter
"

          Oven-baked porcini & thyme risotto        
",/recipes/1782/ovenbaked-porcini-and-thyme-risotto
"

          Grapefruit mojitos        
",/recipes/grapefruit-mojitos
"

          Cheese wheatmeal biscuits        
",/recipes/2685652/cheese-wheatmeal-biscuits
"

          Roast lamb studded with rosemary & garlic        
",/recipes/402619/roast-lamb-studded-with-rosemary-and-garlic
"

          Chipotle hasselback sweet potatoes        
",/recipes/chipotle-hasselback-sweet-potatoes
"

          Nasi goreng (Indonesian stir-fried rice)        
",/recipes/nasi-goreng-indonesian-stir-fried-rice
"

          Coconut Nice        
",/recipes/coconut-nice
"

          Spaghetti with smoky tomato & seafood sauce        
",/recipes/spaghetti-smoky-tomato-seafood-sauce
"

          Prawn, dill & cucumber pasta        
",/recipes/1414633/prawn-dill-and-cucumber-pasta
"

          Roasted tomato & cheddar rice with garden salad        
",/recipes/1506642/roasted-tomato-and-cheddar-rice-with-garden-salad
"

          Moon cycle cupcakes        
",/recipes/moon-cycle-cupcakes
"

          Ginger beef lettuce wraps        
",/recipes/ginger-beef-lettuce-wraps
"

          Lemon-rubbed salmon        
",/recipes/1535/lemonrubbed-salmon
"

          Flattened chicken with tomatoes, olives & capers        
",/recipes/12742/flattened-chicken-with-tomatoes-olives-and-capers
"

          Curry in a hurry        
",/recipes/1652/curry-in-a-hurry
"

          Cauliflower, paneer & pea curry        
",/recipes/cauliflower-paneer-pea-curry
"

          Chorizo & pepper lasagne        
",/recipes/2952682/chorizo-and-pepper-lasagne
"

          Watermelon & herb salad with grilled halloumi        
",/recipes/2101/watermelon-and-herb-salad-with-grilled-halloumi
"

          Crusty pasta & broccoli bake        
",/recipes/1932/crusty-pasta-and-broccoli-bake
"

          Catherine Berwick's Parsnip & maple syrup cake        
",/recipes/12983/catherine-berwicks-parsnip-and-maple-syrup-cake
"

          Chicken schnitzel with coleslaw        
",/recipes/chicken-schnitzel-coleslaw
"

          Lamb pizza pies        
",/recipes/2911/lamb-pizza-pies
"

          Prawn & cucumber salad        
",/recipes/2873/prawn-and-cucumber-salad
"

          Keema with peas        
",/recipes/461642/keema-with-peas
"

          Fragrant roast chicken        
",/recipes/4439/fragrant-roast-chicken
"

          Lemony chicken stew with giant couscous        
",/recipes/lemony-chicken-stew-giant-couscous
"

          Roasted balsamic cauliflower        
",/recipes/roasted-balsamic-cauliflower
"

          Golden chicory in prosciutto wraps        
",/recipes/1724/golden-chicory-in-prosciutto-wraps
"

          Italian-style chicken burger & chips        
",/recipes/67608/italianstyle-chicken-burger-and-chips
"

          Chillied cheese on toast        
",/recipes/6381/chillied-cheese-on-toast
"

          Pea & bacon pasties        
",/recipe/pea-bacon-pasties
"

          All-in-one cabbage with beans & carrots        
",/recipes/8030/allinone-cabbage-with-beans-and-carrots
"

          Broad bean & dill pilaf        
",/recipes/broad-bean-dill-pilaf
"

          Dorset apple traybake        
",/recipes/2044/dorset-apple-traybake
"

          Gingerbread bunting        
",/recipes/gingerbread-bunting
"

          Spicy chicken & veg stir-fry        
",/recipes/6639/spicy-chicken-and-veg-stirfry
"

          Scampi with tartare sauce        
",/recipes/2220651/scampi-with-tartare-sauce
"

          Pull-apart chicken with green curry & lime leaf dressing        
",/recipes/pull-apart-chicken-green-curry-lime-leaf-dressing
"

          Rumberry punch        
",/recipes/2831686/rumberry-punch
"

          Sea bass & seafood Italian one-pot        
",/recipes/1974662/sea-bass-and-seafood-italian-onepot
"

          Smoked haddock & wild mushroom traybake        
",/recipes/smoked-haddock-wild-mushroom-traybake
"

          Mackerel with curry spices        
",/recipes/1551/mackerel-with-curry-spices
"

          Citrus burst syllabub with almond heart cookies        
",/recipes/2838666/citrus-burst-syllabub-with-almond-heart-cookies
"

          Crispy thyme chicken with mushroom sauce        
",/recipes/1301/crispy-thyme-chicken-with-mushroom-sauce
"

          Seville meringue pie with pomegranate        
",/recipes/sevilla-meringue-pie-pomegranate
"

          Passion cake        
",/recipes/1104647/passion-cake
"

          Asian slaw        
",/recipes/1684/asian-slaw
"

          Gordon's Christmas roast goose         
",/recipes/2428/gordons-christmas-roast-goose-
"

          Creamy chicken & wild mushrooms        
",/recipes/2540645/creamy-chicken-and-wild-mushrooms
"

          Full of fibre        
",/recipes/1321/full-of-fibre
"

          Crisp feta nibbles        
",/recipes/4438/crisp-feta-nibbles
"

          BBQ pork steaks with smoky corn        
",/recipes/7203/bbq-pork-steaks-with-smoky-corn
"

          Grilled peach, chicken & feta salad        
",/recipes/2320649/grilled-peach-chicken-and-feta-salad
"

          No-bake orange cheesecake        
",/recipes/3430/nobake-orange-cheesecake
"

          Treacle apple tart        
",/recipes/treacle-apple-tart
"

          Potato & dill pancakes with gravadlax        
",/recipes/2138646/potato-and-dill-pancakes-with-gravadlax
"

          Steak with barbecue sauce        
",/recipes/4735/steak-with-barbecue-sauce
"

          Liver & red pepper stir-fry        
",/recipes/1728/liver-and-red-pepper-stirfry
"

          Easy mince pies with crunchy crumble tops        
",/recipes/1837667/easy-mince-pies-with-crunchy-crumble-tops
"

          Shallot & red wine sauce        
",/recipes/2514/shallot-and-red-wine-sauce
"

          Watermelon with dukkah dip        
",/recipes/693636/watermelon-with-dukkah-dip
"

          Fragrant vegetable & cashew biryani        
",/recipes/5083/fragrant-vegetable-and-cashew-biryani
"

          Black pudding mash        
",/recipes/black-pudding-mash
"

          Speedy Moroccan meatballs        
",/recipes/2998/speedy-moroccan-meatballs
"

          Chicken garden salad with elderflower dressing        
",/recipes/chicken-garden-salad-elderflower-dressing
"

          Aubergine & tomato grill        
",/recipes/4419/aubergine-and-tomato-grill
"

          Pigs in puff pastry blankets        
",/recipes/pigs-puff-pastry-blankets
"

          Asian chicken, mandarin & cashew salad        
",/recipe/asian-chicken-mandarin-cashew-salad
"

          Stewed rabbit with broad beans        
",/recipes/3086683/stewed-rabbit-with-broad-beans
"

          Satay chicken & mango wraps        
",/recipes/satay-chicken-mango-wraps
"

          Ham & watercress salad with clementine dressing        
",/recipes/ham-watercress-salad-clementine-dressing
"

          Mustard salmon with pea & celeriac mash        
",/recipes/9023/mustard-salmon-with-pea-and-celeriac-mash
"

          Garlic, basil & olive oil mash        
",/recipes/garlic-basil-olive-oil-mash
"

          Thai squash & pineapple curry        
",/recipes/2631/thai-squash-and-pineapple-curry
"

          Spiced feta with watermelon salsa        
",/recipe/spiced-feta-watermelon-salsa
"

          Cranberry & pear pies        
",/recipes/997634/cranberry-and-pear-pies
"

          Speedy prawn fried rice         
",/recipes/4499/speedy-prawn-fried-rice-
"

          Banoffee splits        
",/recipes/2604659/banoffee-splits
"

          Double chocolate Easter Danish         
",/recipes/3466/double-chocolate-easter-danish-
"

          No-cook chicken couscous        
",/recipes/1706/nocook-chicken-couscous
"

          Roasted pepper salad with capers & pine nuts        
",/recipes/2360637/roasted-pepper-salad-with-capers-and-pine-nuts
"

          Herb-roast chicken        
",/recipes/408628/herbroast-chicken
"

          Easy one-pot chicken casserole        
",/recipes/1993649/easy-onepot-chicken-casserole
"

          Cheese & bacon lasagne        
",/recipes/13383/cheese-and-bacon-lasagne
"

          Best-ever tiramisu        
",/recipes/9652/bestever-tiramisu
"

          Goat's cheese & chorizo omelette        
",/recipes/2547/goats-cheese-and-chorizo-omelette
"

          Sweetly spiced rabbit pilaf        
",/recipes/sweetly-spiced-rabbit-pilaf
"

          Simple mashed black beans        
",/recipes/1414636/simple-mashed-black-beans
"

          Crusty garlic bread        
",/recipes/crusty-garlic-bread
"

          Hake fish cakes with mustard middles        
",/recipes/hake-fish-cakes-mustard-middles
"

          Best-ever crab sandwiches        
",/recipes/7783/bestever-crab-sandwiches
"

          Cheese & onion pork chops        
",/recipes/7695/cheese-and-onion-pork-chops
"

          Tuna empanada pie        
",/recipes/1162662/tuna-empanada-pie
"

          Tapenade skordalia        
",/recipes/tapenade-skordalia
"

          Crushed pea & mint dip with carrot sticks        
",/recipes/crushed-pea-mint-dip-carrot-sticks
"

          Smoked haddock with tomatoes & chive dressing        
",/recipes/7832/smoked-haddock-with-tomatoes-and-chive-dressing
"

          Bacon & ricotta oven-baked frittata        
",/recipes/3077673/bacon-and-ricotta-ovenbaked-frittata
"

          Braised oxtail with basil dumplings        
",/recipes/5534/braised-oxtail-with-basil-dumplings
"

          Roast leg of lamb with basil & mint pesto        
",/recipes/roast-leg-lamb-basil-mint-pesto
"

          Bulghar wheat with carrots & hazelnuts        
",/recipes/2219662/bulghar-wheat-with-carrots-and-hazelnuts
"

          Chilli beef with black beans and avocado salad        
",/recipes/chilli-beef-black-beans-and-avocado-salad
"

          Italian bean & olive salad        
",/recipes/1511706/italian-bean-and-olive-salad
"

          Gingerbread jumpers        
",/recipes/gingerbread-jumpers
"

          Simple chocolate sauce        
",/recipes/3029673/simple-chocolate-sauce
"

          Crayfish cocktail with horseradish cream        
",/recipes/crayfish-cocktail-horseradish-cream
"

          Spiced smoky barbecued chicken         
",/recipes/2605/spiced-smoky-barbecued-chicken-
"

          Strawberry & white chocolate mousse cake        
",/recipes/1364644/strawberry-and-white-chocolate-mousse-cake
"

          Banoffee mess        
",/recipes/2639/banoffee-mess
"

          Smoked salmon layer        
",/recipes/3992/smoked-salmon-layer
"

          Pearl barley, bacon & leek casserole        
",/recipes/pearl-barley-bacon-leek-casserole
"

          Pumpkin, halloumi & chilli omelette        
",/recipes/1577637/pumpkin-halloumi-and-chilli-omelette
"

          Butternut squash & sage risotto        
",/recipes/7767/butternut-squash-and-sage-risotto
"

          Deep-filled Bramley apple pie        
",/recipes/4846/deepfilled-bramley-apple-pie
"

          Creamy beetroot houmous        
",/recipes/creamy-beetroot-houmous
"

          Toffee & sesame bananas        
",/recipes/9110/toffee-and-sesame-bananas
"

          Thai salmon noodles        
",/recipes/333615/thai-salmon-noodles
"

          Quiche Lorraine        
",/recipes/3075/quiche-lorraine
"

          Lentil & cardamom soup        
",/recipes/jacks-lentil-cardamom-soup
"

          Pepper & honey-roasted roots        
",/recipes/2963/pepper-and-honeyroasted-roots
"

          Pulled lamb shoulder with sticky pomegranate glaze        
",/recipes/2837673/pulled-lamb-shoulder-with-sticky-pomegranate-glaze
"

          Salmon & herby potato coulibiacs        
",/recipes/2762681/salmon-and-herby-potato-coulibiacs
"

          Hot cross bun ring with spiced honey butter        
",/recipes/3020695/hot-cross-bun-ring-with-spiced-honey-butter
"

          Spinach, cheese & onion rice torte        
",/recipes/spinach-cheese-onion-rice-torte
"

          Spring vegetable & cauliflower tabbouleh        
",/recipes/spring-vegetable-cauliflower-tabbouleh
"

          Garlic & herb mash        
",/recipes/garlic-herb-mash
"

          Squash & chorizo stew        
",/recipes/4824/squash-and-chorizo-stew
"

          Roasted squash with crushed pistachios        
",/recipes/roasted-squash-crushed-pistachios
"

          Reindeer cupcakes        
",/recipes/897634/reindeer-cupcakes
"

          Mincemeat & shortbread squares        
",/recipes/mincemeat-shortbread-squares
"

          Fruity simnel squares        
",/recipes/2063661/fruity-simnel-squares
"

          Inside-out Alaska        
",/recipes/333609/insideout-alaska
"

          Peppered mackerel & potato bake        
",/recipes/1442/peppered-mackerel-and-potato-bake
"

          Sesame & honey tofu with rice noodles        
",/recipes/1111638/sesame-and-honey-tofu-with-rice-noodles
"

          Cinnamon cashew spread with apple slices        
",/recipes/cinnamon-cashew-spread-apple-slices
"

          Green Gem salad        
",/recipes/11223/green-gem-salad
"

          Custard & white chocolate biscuits        
",/recipes/2198644/custard-and-white-chocolate-biscuits
"

          Squash & blue cheese Wellington        
",/recipes/squash-blue-cheese-wellington
"

          Pea & artichoke houmous        
",/recipes/7060/pea-and-artichoke-houmous
"

          Gentlemen's relish & scrambled eggs        
",/recipes/1703/gentlemens-relish-and-scrambled-eggs
"

          Chickpeas with tomatoes & spinach        
",/recipes/72617/chickpeas-with-tomatoes-and-spinach
"

          Greek island salad with chicken & avocado        
",/recipes/3301/greek-island-salad-with-chicken-and-avocado
"

          Tomato & mint salad        
",/recipes/2761/tomato-and-mint-salad
"

          Smashed sprouts mash with chestnuts        
",/recipes/1799635/smashed-sprouts-mash-with-chestnuts
"

          Potted Stilton        
",/recipes/3148694/potted-stilton
"

          Prawn cocktail subs        
",/recipe/prawn-cocktail-subs
"

          Summer vegetable ragout        
",/recipes/11235/summer-vegetable-ragout
"

          Winter warmer hearty risotto        
",/recipes/winter-warmer-hearty-risotto
"

          Lamb steaks with tomato & courgette crush        
",/recipes/4407/lamb-steaks-with-tomato-and-courgette-crush
"

          Miso prawn skewers with veggie rice salad        
",/recipes/2320651/miso-prawn-skewers-with-veggie-rice-salad
"

          Christmas tree garlic bread        
",/recipes/christmas-tree-garlic-bread
"

          Baked sea bass with lemongrass & ginger        
",/recipes/2266/baked-sea-bass-with-lemongrass-and-ginger
"

          Bramley & blackberry tray cake        
",/recipes/2431/bramley-and-blackberry-tray-cake
"

          Spicy fish stew        
",/recipes/3978/spicy-fish-stew
"

          Spider nest cakes        
",/recipes/spider-nest-cakes
"

          Gooseberry meringue tart        
",/recipes/3935/gooseberry-meringue-tart
"

          Ginger & chicken noodles        
",/recipes/1107/ginger-and-chicken-noodles
"

          Rosewater & raspberry sponge cake        
",/recipes/rosewater-raspberry-sponge-cake
"

          Smoked trout, watercress & beetroot salad        
",/recipes/1103/smoked-trout-watercress-and-beetroot-salad
"

          Chunky sausage & tomato pasta        
",/recipes/2625/chunky-sausage-and-tomato-pasta
"

          Pulled ham & maple mustard slaw        
",/recipes/pulled-ham-maple-mustard-slaw
"

          Butternut & rosemary pizza        
",/recipes/9528/butternut-and-rosemary-pizza
"

          Seared tuna & anchovy runner beans        
",/recipes/seared-tuna-anchovy-runner-beans
"

          Lemon cheesecake tartlets        
",/recipes/1639/lemon-cheesecake-tartlets
"

          Asian beef salad        
",/recipes/2500/asian-beef-salad
"

          English rose cake        
",/recipes/3091683/english-rose-cake
"

          Houmous with veg sticks        
",/recipes/1577/houmous-with-veg-sticks
"

          Salted peanut butter        
",/recipes/salted-peanut-butter
"

          Chocolate, fruit & clementine Christmas pudding        
",/recipes/73618/chocolate-fruit-and-clementine-christmas-pudding
"

          Gingerbread Bellini        
",/recipes/gingerbread-bellini
"

          Hot chocolate milkshakes        
",/recipes/166617/hot-chocolate-milkshakes
"

          Leek & mustard vinaigrette with Carmarthen ham        
",/recipes/1135652/leek-and-mustard-vinaigrette-with-carmarthen-ham
"

          Red pepper, ham & cheese tart        
",/recipes/408654/red-pepper-ham-and-cheese-tart
"

          Chocolate & hazelnut celebration cake        
",/recipes/john-whaites-chocolate-hazelnut-celebration-cake
"

          30 minute chicken & tarragon pasta        
",/recipes/3231/30-minute-chicken-and-tarragon-pasta
"

          Christmas white chocolate traybake        
",/recipes/christmas-white-chocolate-traybake
"

          Mango, pear & ginger crumble        
",/recipes/1761/mango-pear-and-ginger-crumble
"

          Raspberry Bakewell slice        
",/recipes/826638/raspberry-bakewell-slice
"

          Spicy vegetable & quinoa one-pot        
",/recipes/2577/spicy-vegetable-and-quinoa-laksa
"

          Tuna & butterbean salad        
",/recipes/1527/tuna-and-butterbean-salad
"

          Festive red salad        
",/recipes/2762679/festive-red-salad
"

          Help-yourself tuna rice salad        
",/recipes/681634/helpyourself-tuna-rice-salad
"

          No-cook strawberry jam        
",/recipes/3115/nocook-strawberry-jam
"

          One-pot chicken pilaf        
",/recipes/7740/onepot-chicken-pilaf
"

          Peanut butter cheesecake        
",/recipes/1759649/peanut-butter-cheesecake
"

          Hazelnut, pancetta & orange stuffing        
",/recipes/hazelnut-pancetta-orange-stuffing
"

          Ossobucco        
",/recipes/2083/ossobucco
"

          Peppered lamb & minty butter bean mash         
",/recipes/1890/peppered-lamb-and-minty-butter-bean-mash-
"

          Aubergine katsu curry        
",/recipes/aubergine-katsu-curry
"

          Mini top-your-own pizzas        
",/recipes/mini-top-your-own-pizzas
"

          Veggie Chinese pancakes        
",/recipes/2907672/veggie-chinese-pancakes
"

          Lemony prawn pasta        
",/recipes/1506634/lemony-prawn-pasta
"

          Quick plum crumble        
",/recipes/2778673/quick-plum-crumble
"

          Spring fish pie        
",/recipes/2235/spring-fish-pie
"

          Pesto-crusted cod with Puy lentils        
",/recipes/pesto-crusted-cod-puy-lentils
"

          Spicy seafood stew with tomatoes & lime        
",/recipes/2066663/spicy-seafood-stew-with-tomatoes-and-lime
"

          Saucy chicken & vegetables         
",/recipes/1939/saucy-chicken-and-vegetables-
"

          Turkey, Brie & cranberry Wellington        
",/recipes/2830673/turkey-brie-and-cranberry-wellington
"

          Beef bourguignon        
",/recipes/853637/beef-bourguignon
"

          Pear & toffee muffins        
",/recipes/8087/pear-and-toffee-muffins
"

          Flowerpot bread        
",/recipes/2366635/flowerpot-bread
"

          Smoked haddock rarebit        
",/recipes/665642/smoked-haddock-rarebit
"

          Grilled flaky naans        
",/recipes/grilled-flaky-naans
"

          Moroccan mushrooms with couscous        
",/recipes/234607/moroccan-mushrooms-with-couscous
"

          Toffee fig pies        
",/recipes/2829/toffee-fig-pies
"

          Golden crunch potatoes        
",/recipes/golden-crunch-potatoes
"

          Orange & saffron syrup cake        
",/recipes/1874/orange-and-saffron-syrup-cake
"

          Cauli-macaroni cheese        
",/recipes/1354/caulimacaroni-cheese
"

          Simple snow sparkle cake        
",/recipes/2768686/simple-snow-sparkle-cake
"

          Veggie sausage popovers        
",/recipes/1861/veggie-sausage-popovers
"

          Brazil & banana bread        
",/recipes/2872693/brazil-and-banana-bread
"

          Chicken, bacon & potato stew        
",/recipes/1977648/chicken-bacon-and-potato-stew
"

          Sticky chicken with sherry, almonds & dates        
",/recipes/7997/sticky-chicken-with-sherry-almonds-and-dates
"

          Saffron rice with chicken & peppers        
",/recipes/1568/saffron-rice-with-chicken-and-peppers
"

          Prawn & mango noodles        
",/recipes/prawn-mango-noodles
"

          Punjabi-style chickpea salad        
",/recipes/punjabi-style-chickpea-salad
"

          Korean beef bulgogi skewers        
",/recipes/korean-beef-bulgogi-skewers
"

          Chicken, kale & sprout stir-fry        
",/recipes/chicken-kale-sprout-stir-fry
"

          Roast salmon with spiced coconut crumbs        
",/recipes/1386/roast-salmon-with-spiced-coconut-crumbs
"

          Pointed cabbage in white wine with fennel seeds        
",/recipes/pointed-cabbage-white-wine-fennel-seeds
"

          Sausage & Parmesan cobbler        
",/recipes/catherine-wheel-cobbler
"

          Griddled lettuce & peas        
",/recipes/griddled-lettuce-peas
"

          Veggie Thai red curry        
",/recipes/420641/veggie-thai-red-curry
"

          Sticky marmalade ham        
",/recipes/47611/sticky-marmalade-ham
"

          Prawn, avocado & soya bean salad        
",/recipes/prawn-avocado-soya-bean-salad
"

          Fennel & chestnut loaf with cranberry relish        
",/recipes/988635/fennel-and-chestnut-loaf-with-cranberry-relish
"

          Trout with creamy potato salad        
",/recipes/9584/trout-with-creamy-potato-salad
"

          Sausage & herb stuffed courgettes        
",/recipes/sausage-herb-stuffed-courgettes
"

          Chinese braised pork with plums        
",/recipes/chinese-braised-pork-plums
"

          Pork & bulghar-stuffed peppers        
",/recipes/333613/pork-and-bulgharstuffed-peppers
"

          Pear & blackberry crostata        
",/recipes/pear-blackberry-crostata
"

          Pasta with creamy greens & lemon        
",/recipes/1104660/pasta-with-creamy-greens-and-lemon
"

          Baked rabbit & chorizo rice        
",/recipes/2852677/baked-rabbit-and-chorizo-rice
"

          Elderflower & meringue eclairs        
",/recipes/elderflower-meringue-eclairs
"

          Stollen wreath        
",/recipes/8352/stollen-wreath
"

          Starry mincemeat slices        
",/recipes/863651/starry-mincemeat-slices
"

          Crunchy detox salad        
",/recipes/460648/crunchy-detox-salad
"

          Jerk beefburger with pineapple relish & chips        
",/recipes/1959654/jerk-beefburger-with-pineapple-relish-and-chips
"

          Miso steak        
",/recipes/644644/miso-steak
"

          Chunky minestrone soup        
",/recipes/4807/chunky-minestrone-soup
"

          Hot mustard lentils with beetroot & spicy sausages        
",/recipes/hot-mustard-lentils-beetroot-spicy-sausages
"

          Fennel gratin        
",/recipes/4784/fennel-gratin
"

          Minty pineapple smoothie        
",/recipes/minty-pineapple-smoothie
"

          Lemon & thyme butter-basted roast chicken & gravy        
",/recipes/1916640/lemon-and-thyme-butterbasted-roast-chicken-and-gra
"

          Tuna, sugar snap & avocado salad        
",/recipes/tuna-sugar-snap-avocado-salad
"

          Chimichurri sauce        
",/recipes/chimichurri-sauce
"

          Wild mushroom, potato & pancetta gratin        
",/recipes/wild-mushroom-potato-pancetta-gratin
"

          Rocky road cones        
",/recipes/3122/rocky-road-cones
"

          Spiced chicken & cauliflower pilaf        
",/recipes/3011/spiced-chicken-and-cauliflower-pilaf
"

          Tartines with roasted tomatoes & mint pesto        
",/recipes/2865687/tartines-with-roasted-tomatoes-and-mint-pesto
"

          20-minute pork pan-fry        
",/recipes/3078/20minute-pork-panfry
"

          Japanese salmon & avocado rice        
",/recipes/11617/japanese-salmon-and-avocado-rice
"

          Roast chicken with grappa        
",/recipes/1131/roast-chicken-with-grappa
"

          Build-your-own-bruschettas        
",/recipes/1089638/buildyourownbruschettas
"

          One-pan baked chicken with squash, sage & walnuts        
",/recipes/12806/onepan-baked-chicken-with-squash-sage-and-walnuts
"

          Easter egg rocky road        
",/recipes/easter-egg-rocky-road
"

          Fudgy coconut brownies        
",/recipes/402625/fudgy-coconut-brownies
"

          Pot-roasted brisket in beer with parsnips & mushrooms        
",/recipes/3139/potroasted-brisket-in-beer-with-parsnips-and-mushr
"

          Sizzled masala lamb with chopped salad        
",/recipes/3077680/sizzled-masala-lamb-with-chopped-salad
"

          Hoisin beef with crispy noodle cake        
",/recipes/3074687/hoisin-beef-with-crispy-noodle-cake
"

          Madeira loaf cake        
",/recipes/1940701/madeira-loaf-cake
"

          Cranberry Christmas rockies        
",/recipes/2800/cranberry-christmas-rockies
"

          Devonshire honey cake        
",/recipes/1840/devonshire-honey-cake
"

          Pea & savory soup        
",/recipes/2347/pea-and-savory-soup
"

          Hubble bubble pumpkin pot        
",/recipes/1481/hubble-bubble-pumpkin-pot
"

          Chicken &  sweetcorn rissoles        
",/recipes/1073/chicken-and-sweetcorn-rissoles
"

          Mini pork pies        
",/recipes/1364655/mini-pork-pies
"

          Roast, curried celeriac chunks        
",/recipes/1598/roast-curried-celeriac-chunks
"

          Pasta con il pesto alla Trapanese (Tomato and almond pesto)        
",/recipes/3308/pasta-con-il-pesto-alla-trapanese-tomato-and-almon
"

          Chilled pea & watercress soup        
",/recipes/3146/chilled-pea-and-watercress-soup
"

          Squash with rice, sage & goat's cheese        
",/recipes/2900/squash-with-rice-sage-and-goats-cheese
"

          Club sandwich        
",/recipes/1363639/club-sandwich
"

          Beetroot & apple salad pots        
",/recipes/2831676/beetroot-and-apple-salad-pots
"

          Steak with pizzaiola sauce        
",/recipes/2837/steak-with-pizzaiola-sauce
"

          Tarragon chicken salad          
",/recipes/2278/tarragon-chicken-salad--
"

          Mary Cadogan's Jubilee chicken        
",/recipes/2327/mary-cadogans-jubilee-chicken
"

          Summer salmon with papaya salsa        
",/recipes/3161710/summer-salmon-with-papaya-salsa
"

          Polenta tart with sausage & broccoli        
",/recipes/1841640/polenta-tart-with-sausage-and-broccoli
"

          Roasted tomato tart with double-cheese crust        
",/recipe/roasted-tomato-tart-double-cheese-crust
"

          Salmon & chive bagel topper        
",/recipes/2253638/salmon-and-chive-bagel-topper
"

          Sugar snap pea, avocado & orange salad        
",/recipes/sugar-snap-pea-avocado-orange-salad
"

          Cauliflower tempura        
",/recipes/2638/cauliflower-tempura
"

          Black cap puddings        
",/recipes/2853/black-cap-puddings
"

          Cheese with pickled pear salad        
",/recipes/995636/cheese-with-pickled-pear-salad
"

          Braised sea bass with spinach        
",/recipes/1164/braised-sea-bass-with-spinach
"

          Mustard griddled chicken, beetroot & orange salad        
",/recipes/1088634/mustard-griddled-chicken-beetroot-and-orange-salad
"

          Tex-Mex beef tacos        
",/recipes/1094657/texmex-beef-tacos
"

          Jewelled couscous        
",/recipes/2320641/jewelled-couscous
"

          Chicken with lemongrass & coconut        
",/recipes/1340/chicken-with-lemongrass-and-coconut
"

          Quiche Lorraine in 4 easy steps        
",/recipes/4035/quiche-lorraine-in-4-easy-steps
"

          Veal escalopes wrapped with prosciutto, sage & lemon (saltimbocca)        
",/recipes/3086688/veal-escalopes-wrapped-with-prosciutto-sage-and-le
"

          Spiced lamb koftas with mint & tomato salad        
",/recipes/3161680/spiced-lamb-koftas-with-mint-and-tomato-salad
"

          Sausage plait        
",/recipes/2667648/sausage-plait
"

          Baked almond, banana & blueberry cheesecake        
",/recipes/baked-almond-banana-blueberry-cheesecake
"

          Bacon-wrapped monkfish        
",/recipes/1924/baconwrapped-monkfish
"

          Melting tomato & basil omelette        
",/recipes/2909/melting-tomato-and-basil-omelette
"

          Boozy pineapple & coconut sundae        
",/recipes/boozy-pineapple-coconut-sundae
"

          Baked sea bass with fennel        
",/recipes/681663/baked-sea-bass-with-fennel
"

          Balsamic beetroot & shallots        
",/recipes/balsamic-beetroot-shallots
"

          Maple & star anise roasted plums        
",/recipes/7713/maple-and-star-anise-roasted-plums
"

          Ciabatta pizzas with sticky onions        
",/recipes/8826/ciabatta-pizzas-with-sticky-onions
"

          Elderflower & raspberry jelly        
",/recipes/3159685/elderflower-and-raspberry-jelly
"

          Baked aubergines with coriander yogurt dressing        
",/recipes/1667/baked-aubergines-with-coriander-yogurt-dressing
"

          Peach & raspberry sunsets        
",/recipes/2584/peach-and-raspberry-sunsets
"

          Persian pudding with whipped rose & honey butter        
",/recipes/persian-pudding-whipped-rose-honey-butter
"

          Creamy tartiflette        
",/recipes/1348/creamy-tartiflette
"

          Quick braised lettuce & peas        
",/recipes/5935/quick-braised-lettuce-and-peas
"

          Chocolate brownie cake        
",/recipes/3431/chocolate-brownie-cake
"

          Iced coconut & lime slice with summer fruit        
",/recipes/531674/iced-coconut-and-lime-slice-with-summer-fruit
"

          Simnel spiced breakfast loaf        
",/recipes/simnel-spiced-breakfast-loaf
"

          Broad bean & Lancashire cheese tart        
",/recipes/2349/broad-bean-and-lancashire-cheese-tart
"

          Warm potato salad        
",/recipes/2668/warm-potato-salad
"

          Simple gingerbread house        
",/recipes/4900/simple-gingerbread-house
"

          Layered houmous & griddled vegetable salad        
",/recipes/layered-houmous-griddled-vegetable-salad
"

          Roast pork with apples & mustard        
",/recipes/1572655/roast-pork-with-apples-and-mustard
"

          Chocolate lime fondants with candied lime peel        
",/recipes/chocolate-dream
"

          Cheese & mustard straws        
",/recipes/851653/cheese-and-mustard-straws
"

          Minty Asian chicken salad        
",/recipes/2039/minty-asian-chicken-salad
"

          Hazelnut brownies        
",/recipes/hazelnut-brownies
"

          Smoked mackerel maki rolls        
",/recipes/smoked-mackerel-maki-rolls
"

          Sticky chicken with mango couscous        
",/recipes/3002/sticky-chicken-with-mango-couscous
"

          Quick springtime pasta        
",/recipes/3999/quick-springtime-pasta
"

          Summer fish cakes with chilli cream        
",/recipes/2447/summer-fish-cakes-with-chilli-cream
"

          Key lime pie        
",/recipes/key-lime-pie
"

          Healthy homemade houmous         
",/recipes/1940690/healthy-homemade-houmous-
"

          Rosemary-stuffed collar of bacon with parsley butter sauce        
",/recipes/rosemary-stuffed-collar-bacon-parsley-butter-sauce
"

          Chocolate crunch bars        
",/recipes/8003/chocolate-crunch-bars
"

          Smoked haddock, spinach & potato cakes        
",/recipes/1662/smoked-haddock-spinach-and-potato-cakes
"

          Sausage, apple & leek pie        
",/recipes/1039643/sausage-apple-and-leek-pie
"

          Orange & cranberry spritz        
",/recipes/1166646/orange-and-cranberry-spritz
"

          Green beans with tomato & feta        
",/recipes/green-beans-tomato-feta
"

          Grilled chilli & coriander salmon with ginger rice        
",/recipes/7007/grilled-chilli-and-coriander-salmon-with-ginger-ri
"

          Paillard of chicken with lemon & herbs        
",/recipes/paillard-chicken-lemon-herbs
"

          Stir-fried noodles & beansprouts        
",/recipes/1162682/stirfried-noodles-and-beansprouts
"

          Gnocchi with courgette, mascarpone & spring onions        
",/recipes/1363644/gnocchi-with-courgette-mascarpone-and-spring-onion
"

          Chicken & broad bean tagliatelle        
",/recipes/6346/chicken-and-broad-bean-tagliatelle
"

          Homemade chicken nachos        
",/recipes/236612/homemade-chicken-nachos
"

          Moroccan sausage stew        
",/recipes/moroccan-sausage-stew
"

          Toffee apple cake        
",/recipes/toffee-apple-cake
"

          Simple port & cranberry sauce        
",/recipes/3041/simple-port-and-cranberry-sauce
"

          Salmon & leek parcel        
",/recipes/salmon-leek-parcel
"

          Goat's curd & spring greens salad with popped buckwheat        
",/recipes/goats-curd-spring-greens-salad-popped-buckwheat
"

          Pea mash & mint vinaigrette to serve with fish        
",/recipes/1958/pea-mash-and-mint-vinaigrette-to-serve-with-fish
"

          Skinny Thai burgers with sweet potato chips & pineapple salsa        
",/recipes/2155637/skinny-thai-burgers-with-sweet-potato-chips-and-pi
"

          Steamed leeks & peas with herby vinaigrette        
",/recipes/steamed-leeks-peas-herby-vinaigrette
"

          Lemon & lime crush        
",/recipes/2464/lemon-and-lime-crush
"

          Zesty lamb chops with crushed kidney beans        
",/recipes/zesty-lamb-chops-crushed-kidney-beans
"

          Banoffee cheesecake        
",/recipes/banoffee-cheesecake
"

          Zingy new potato salad        
",/recipes/10968/zingy-new-potato-salad
"

          Sausage, mushroom & tomato pasta        
",/recipes/4713/sausage-mushroom-and-tomato-pasta
"

          Almond, cashew & honey butter        
",/recipes/almond-cashew-honey-butter
"

          Strawberry cheesecake crunchies        
",/recipes/2307/strawberry-cheesecake-crunchies
"

          Creamy linguine with prawns        
",/recipes/13142/creamy-linguine-with-prawns
"

          Grape & rosemary jelly        
",/recipes/2604636/grape-and-rosemary-jelly
"

          Semi-dried tomatoes        
",/recipes/semi-dried-tomatoes
"

          Spiced pork crackling straws        
",/recipes/spiced-pork-crackling-straws
"

          Mango, lime & blackberry bombe        
",/recipes/4614/mango-lime-and-blackberry-bombe
"

          Grilled pork with lemon & thyme barley        
",/recipes/1120671/grilled-pork-with-lemon-and-thyme-barley
"

          Citrus soba noodles        
",/recipes/4958/citrus-soba-noodles
"

          Baked country chicken        
",/recipes/2150647/baked-country-chicken
"

          Redcurrant & red onion relish        
",/recipes/3113/redcurrant-and-red-onion-relish
"

          Braised stuffed cabbage        
",/recipes/8018/braised-stuffed-cabbage
"

          Cinnamon apple pecan pudding        
",/recipes/cinnamon-apple-pecan-pudding
"

          Roast apples with cinnamon sugar        
",/recipes/1104659/roast-apples-with-cinnamon-sugar
"

          Korean fried rice        
",/recipes/korean-fried-rice
"

          Fragrant strawberry conserve        
",/recipes/fragrant-strawberry-conserve
"

          Sherried squash soup        
",/recipes/4983/sherried-squash-soup
"

          Marinated beetroot with grilled goat's cheese        
",/recipes/711660/marinated-beetroot-with-grilled-goats-cheese
"

          Flatbread pizzas        
",/recipes/1973640/flatbread-pizzas
"

          Chocolate orange spider jellies        
",/recipes/12858/chocolate-orange-spider-jellies
"

          Perky turkey soup        
",/recipes/1378/perky-turkey-soup
"

          Darina Allen's winter leek & potato soup        
",/recipes/1731/darina-allens-winter-leek-and-potato-soup
"

          Black bean & meat stew - feijoada        
",/recipes/black-bean-meat-stew-feijoada
"

          Warm new potato salad with bacon & blue cheese        
",/recipes/9590/warm-new-potato-salad-with-bacon-and-blue-cheese
"

          Duck, apricot & pine nut pastilla        
",/recipes/1759651/duck-apricot-and-pine-nut-pastilla
"

          Strawberry & cream roly-polys        
",/recipes/strawberry-cream-roly-polys
"

          Five-veg lasagne        
",/recipes/5586/fiveveg-lasagne
"

          Roasted cauliflower, bacon & chilli pasta         
",/recipes/2807/roasted-cauliflower-bacon-and-chilli-pasta-
"

          Chocolate nut butter cups        
",/recipes/chocolate-nut-butter-cups
"

          Whisky cream & jelly with toasted oat crumble & tea sorbet        
",/recipes/whisky-cream-jelly-toasted-oat-crumble-tea-sorbet
"

          Cheesy seafood gratin        
",/recipes/cheesy-seafood-gratin
"

          Pomegranate Pimm's        
",/recipes/pomegranate-pimms
"

          Spring rolls        
",/recipes/1758653/spring-rolls
"

          Hot-smoked salmon & avocado open sandwiches        
",/recipes/3147686/hotsmoked-salmon-and-avocado-open-sandwiches
"

          Sheridan's cream sticky pudding        
",/recipes/2650/sheridans-cream-sticky-pudding
"

          No-fuss hot cross buns        
",/recipes/1161651/nofuss-hot-cross-buns
"

          Spanish tortilla        
",/recipes/spanish-tortilla
"

          Beef & beetroot curry        
",/recipes/2872688/beef-and-beetroot-curry
"

          Easy chicken & chickpea tagine        
",/recipes/chicken-chickpea-tagine
"

          Lemon, Parmesan & pine nut crumbed pork escalopes        
",/recipes/1898651/lemon-parmesan-and-pine-nut-crumbed-pork-escalopes
"

          Caesar turkey burgers        
",/recipes/775640/caesar-turkey-burgers
"

          Basic pizza dough        
",/recipes/basic-pizza-dough
"

          Salted caramel & popcorn crumble choux buns        
",/recipes/salted-caramel-popcorn-crumble-choux-buns
"

          Sticky duck with Chinese pickled radishes        
",/recipes/3147701/sticky-duck-with-chinese-pickled-radishes
"

          Sprout & spring onion champ        
",/recipes/sprout-spring-onion-champ
"

          Brown sugar meringues with red wine plums        
",/recipes/7670/brown-sugar-meringues-with-red-wine-plums
"

          Forest fruit & banana smoothie        
",/recipes/1417/forest-fruit-and-banana-smoothie
"

          Kung po prawns        
",/recipes/1415664/kung-po-prawns
"

          Christmas buns        
",/recipes/1803633/christmas-buns
"

          Sloe royales        
",/recipes/2774676/sloe-royales
"

          Spiced beetroot & orange chutney        
",/recipes/68614/spiced-beetroot-and-orange-chutney
"

          Rosti fish cakes        
",/recipes/rosti-fish-cakes
"

          Mum's Christmas pudding        
",/recipes/974639/mums-christmas-pudding
"

          Squash & venison tagine        
",/recipes/squash-venison-tagine
"

          Prosciutto & rocket rolls        
",/recipes/2676/prosciutto-and-rocket-rolls
"

          Devilled tofu kebabs        
",/recipes/2955/devilled-tofu-kebabs
"

          Honey & orange roast sea bass with lentils        
",/recipes/honey-orange-roast-sea-bass-lentils
"

          Sticky ribs with roast potato salad        
",/recipes/679636/sticky-ribs-with-roast-potato-salad
"

          Mozzarella with tomato & chilli salsa        
",/recipes/2733/mozzarella-with-tomato-and-chilli-salsa
"

          Salted caramel pear puffs        
",/recipes/salted-caramel-pear-puffs
"

          Katsu pork with sticky rice        
",/recipes/2875679/katsu-pork-with-sticky-rice
"

          Chicken salad with crisp bacon        
",/recipes/749726/chicken-salad-with-crisp-bacon
"

          Minestrone in minutes        
",/recipes/3456/minestrone-in-minutes
"

          Cider roast turkey        
",/recipes/4960/cider-roast-turkey
"

          Crunchy fish fingers        
",/recipes/7420/crunchy-fish-fingers
"

          Mary's maple & orange glazed chicken        
",/recipes/2374/marys-maple-and-orange-glazed-chicken
"

          Boom Bang-a-Bang chicken cups        
",/recipes/3094674/boom-bangabang-chicken-cups
"

          One-pan summer eggs        
",/recipes/7013/onepan-summer-eggs
"

          Quick mango pudding        
",/recipes/1377638/quick-mango-pudding
"

          Ham & olive lasagne        
",/recipes/3462/ham-and-olive-lasagne
"

          Eggy fried rice        
",/recipes/1072/eggy-fried-rice
"

          Simnel muffins        
",/recipes/3277/simnel-muffins
"

          Cauliflower & apple soup        
",/recipes/cauliflower-apple-soup
"

          Coconut & cinnamon place-name cookies        
",/recipes/1826698/coconut-and-cinnamon-placename-cookies
"

          Thai cucumber salad with sour chilli dressing        
",/recipes/7042/thai-cucumber-salad-with-sour-chilli-dressing
"

          Home-from-work spaghetti        
",/recipes/3286/homefromwork-spaghetti
"

          Perfect pad Thai        
",/recipes/perfect-pad-thai
"

          Home-style chicken curry        
",/recipes/1993658/homestyle-chicken-curry
"

          Beetroot houmous with crisp pittas        
",/recipes/2082/beetroot-houmous-with-crisp-pittas
"

          Creamy split pea curry        
",/recipes/creamy-split-pea-curry
"

          Pulled firecracker brisket        
",/recipes/pulled-firecracker-brisket
"

          Greek pasta salad        
",/recipes/2317/greek-pasta-salad
"

          Warm chorizo & chickpea salad        
",/recipes/warm-chorizo-chickpea-salad
"

          Easter chocolate mousse cake        
",/recipes/easter-chocolate-mousse-cake
"

          Minced soy pork with rice noodles        
",/recipes/412627/minced-soy-pork-with-rice-noodles
"

          Roast parsnip, quince & caramelised onion salad with preserved lemon        
",/recipes/roast-parsnip-quince-caramelised-onion-salad-preserved-lemon
"

          Plain waffles        
",/recipes/plain-waffles
"

          Courgette, mint, ricotta & chilli salad        
",/recipe/courgette-mint-ricotta-chilli-salad
"

          The ultimate makeover: Shepherd's pie        
",/recipes/1129666/the-ultimate-makeover-shepherds-pie
"

          Tomato & cucumber raita        
",/recipes/2624643/tomato-and-cucumber-raita
"

          Avocado with tamari & ginger dressing        
",/recipes/avocado-tamari-ginger-dressing
"

          Vitality chicken salad with avocado dressing        
",/recipes/3159689/vitality-chicken-salad-with-avocado-dressing
"

          The ultimate makeover: Burgers        
",/recipes/1377634/the-ultimate-makeover-burgers
"

          Gnocchi with parsley, butter & samphire        
",/recipes/gnocchi-parsley-butter-samphire
"

          Chocolate & clementine log        
",/recipes/995645/chocolate-and-clementine-log
"

          Roast pumpkin with cream, thyme & Parmesan        
",/recipes/12805/roast-pumpkin-with-cream-thyme-and-parmesan
"

          Caramel & orange mousses        
",/recipes/147614/caramel-and-orange-mousses
"

          Fish pie - in four steps        
",/recipes/3174/fish-pie-in-four-steps
"

          Rhubarb, apple & ginger crunch trifle        
",/recipes/5914/rhubarb-apple-and-ginger-crunch-trifle
"

          Chocolate, ginger & praline bombe        
",/recipes/8255/chocolate-ginger-and-praline-bombe
"

          Mushroom melts with spinach salad        
",/recipes/2804/mushroom-melts-with-spinach-salad
"

          Creamy bread & shallot sauce        
",/recipes/creamy-bread-shallot-sauce
"

          Apricot crumb squares        
",/recipes/1833/apricot-crumb-squares
"

          Black Forest pudding        
",/recipe/black-forest-pudding
"

          Dead good hollandaise         
",/recipes/3921/dead-good-hollandaise-
"

          Pork fillet with mustard & herbs        
",/recipes/1549/pork-fillet-with-mustard-and-herbs
"

          Coconut rice & prawn salad         
",/recipes/2544/coconut-rice-and-prawn-salad-
"

          Sticky onion & sausage pizza        
",/recipes/sticky-onion-sausage-pizza
"

          Tomato soup with tear & share cheesy bread        
",/recipes/2953681/tomato-soup-with-tear-and-share-cheesy-bread
"

          Fennel & black olive gratin        
",/recipes/2088/fennel-and-black-olive-gratin
"

          Four & twenty chicken & ham pie        
",/recipes/2762678/four-and-twenty-chicken-and-ham-pie
"

          Thai squash soup        
",/recipes/2053643/thai-squash-soup
"

          Tex-Mex beans on toast        
",/recipes/tex-mex-beans-toast
"

          Shells with balsamic tomatoes & mozzarella        
",/recipes/2491/shells-with-balsamic-tomatoes-and-mozzarella
"

          Sticky lime roast chicken        
",/recipes/1166638/sticky-lime-roast-chicken
"

          Greek lamb with orzo        
",/recipes/5846/greek-lamb-with-orzo
"

          Halloumi & red cabbage steaks        
",/recipes/halloumi-red-cabbage-steaks
"

          Spinach with chilli & lemon crumbs        
",/recipes/2040649/spinach-with-chilli-and-lemon-crumbs
"

          The classic pancake        
",/recipes/1135634/the-classic-pancake
"

          Crab & citrus salad with Chardonnay dressing        
",/recipes/251626/crab-and-citrus-salad-with-chardonnay-dressing
"

          Cointreau pancakes        
",/recipes/1712/cointreau-pancakes
"

          Storecupboard tuna bean salad        
",/recipes/1242/storecupboard-tuna-bean-salad
"

          Two bean, potato & tuna salad        
",/recipes/10765/two-bean-potato-and-tuna-salad
"

          Cantonese steeped chicken        
",/recipes/1370/cantonese-steeped-chicken
"

          Gooseberry pie        
",/recipes/531670/gooseberry-pie
"

          Artichoke & broad bean tart with watercress pesto        
",/recipes/408620/artichoke-and-broad-bean-tart-with-watercress-pest
"

          Baked trout with fennel, radish & rocket salad        
",/recipes/1573645/baked-trout-with-fennel-radish-and-rocket-salad
"

          Italian stuffed sweet peppers        
",/recipes/italian-stuffed-sweet-peppers
"

          Anzac biscuits        
",/recipes/3803/anzac-biscuits
"

          Asparagus soldiers with a soft-boiled egg        
",/recipes/10593/asparagus-soldiers-with-a-softboiled-egg
"

          Oven-baked leek & bacon risotto        
",/recipes/1120679/ovenbaked-leek-and-bacon-risotto
"

          Fish with chilli, mango & lime salsa        
",/recipes/2195656/fish-with-chilli-mango-and-lime-salsa
"

          Baked pollock with anchovy crumbs        
",/recipes/baked-pollock-anchovy-crumbs
"

          Christmas sausage & veg tortilla        
",/recipes/1826705/christmas-sausage-and-veg-tortilla
"

          Grilled Thai salmon        
",/recipes/4774/grilled-thai-salmon
"

          Simple summer pudding        
",/recipes/2370/simple-summer-pudding
"

          Speedy banana splits        
",/recipes/2015/speedy-banana-splits
"

          Stuffed summer tomatoes        
",/recipes/4731/stuffed-summer-tomatoes
"

          Steak & Stilton bruschetta        
",/recipes/884637/steak-and-stilton-bruschetta
"

          Tomato & chickpea bake        
",/recipes/10766/tomato-and-chickpea-bake
"

          Spicy roast chickpeas        
",/recipes/spicy-roast-chickpeas
"

          Chicken with creamy bacon penne        
",/recipes/1594/chicken-with-creamy-bacon-penne
"

          Tikka-style fish        
",/recipes/4568/tikkastyle-fish
"

          Sausageball pasta bake        
",/recipes/1813660/sausageball-pasta-bake
"

          Mexican red rice        
",/recipes/2068640/mexican-red-rice
"

          Summer courgetti & meatballs        
",/recipes/summer-courgetti-meatballs
"

          Caramelised shallot mash        
",/recipes/72609/caramelised-shallot-mash
"

          Fruit-filled choux buns with caramel sauce        
",/recipes/2412/fruitfilled-choux-buns-with-caramel-sauce
"

          Sichuan-style pork & green bean stir-fry        
",/recipes/sichuan-style-pork-green-bean-stir-fry
"

          Spiced squash & sweet potato tarte Tatin        
",/recipes/3268/spiced-squash-and-sweet-potato-tarte-tatin
"

          Salted almond snaps        
",/recipes/salted-almond-snaps
"

          Salmon with mustardy celeriac mash        
",/recipes/1681/salmon-with-mustardy-celeriac-mash
"

          Kale & quinoa patties        
",/recipes/kale-quinoa-patties
"

          French country fish & mussel stew        
",/recipes/french-country-fish-mussel-stew
"

          Thai pork patties with sweet chilli & noodles        
",/recipes/1813675/thai-pork-patties-with-sweet-chilli-and-noodles
"

          Apricot & almond crumble        
",/recipes/1974659/apricot-and-almond-crumble
"

          Italian butter beans        
",/recipes/1039645/italian-butter-beans
"

          Chococcino cake        
",/recipes/6610/chococcino-cake
"

          Salmon with new potato & watercress salad        
",/recipes/salmon-new-potato-watercress-salad
"

          Braised baby leeks        
",/recipes/braised-baby-leeks
"

          Port & cranberry sauce with juniper        
",/recipes/port-cranberry-sauce-juniper
"

          Rocky robin cake        
",/recipes/889664/rocky-robin-cake
"

          Lebanese poussin with spiced aubergine pilaf        
",/recipes/lebanese-poussin-spiced-aubergine-pilaf
"

          Apricot, honey & pistachio flapjacks        
",/recipes/1162653/apricot-honey-and-pistachio-flapjacks
"

          Hot & sour chilli jam with vegetables        
",/recipes/1342/hot-and-sour-chilli-jam-with-vegetables
"

          Pesto chicken stew with cheesy dumplings        
",/recipes/2063663/pesto-chicken-stew-with-cheesy-dumplings
"

          Oriental chicken & peach salad        
",/recipes/2735/oriental-chicken-and-peach-salad
"

          Dressed allotment salad        
",/recipes/4678/dressed-allotment-salad
"

          Suits-all Christmas cake        
",/recipes/suits-all-christmas-cake
"

          Smoked salmon with grapefruit salad        
",/recipes/5400/smoked-salmon-with-grapefruit-salad
"

          Zingy courgette & spinach salad        
",/recipes/12988/zingy-courgette-and-spinach-salad
"

          Poached chicken with lemon & tarragon sauce         
",/recipes/2121/poached-chicken-with-lemon-and-tarragon-sauce-
"

          Rosemary roast chops & potatoes        
",/recipes/10763/rosemary-roast-chops-and-potatoes
"

          Butternut squash in potato cannelloni        
",/recipes/847642/butternut-squash-in-potato-cannelloni
"

          Baked fruity autumn pudding        
",/recipes/12844/baked-fruity-autumn-pudding
"

          Wallenbergare with tarragon cream sauce        
",/recipes/wallenbergare-tarragon-cream-sauce
"

          Hearty lamb stew        
",/recipes/67604/hearty-lamb-stew
"

          One-pan chicken couscous        
",/recipes/13139/onepan-chicken-couscous
"

          Passion fruit pots with coconut stars        
",/recipes/8784/passion-fruit-pots-with-coconut-stars
"

          Mustard-crusted salmon with celeriac mash        
",/recipes/878633/mustardcrusted-salmon-with-celeriac-mash
"

          Chocolate & pear cake        
",/recipes/2493638/chocolate-and-pear-cake
"

          Thai fishcakes with sweet chilli sauce        
",/recipes/12466/thai-fishcakes-with-sweet-chilli-sauce
"

          Chocolate & sesame loaf cake        
",/recipes/chocolate-sesame-loaf-cake
"

          Slow-cooked Irish stew        
",/recipes/slow-cooked-irish-stew
"

          Celebration cupcakes        
",/recipes/2219643/celebration-cupcakes
"

          Raspberry & coconut scones        
",/recipes/raspberry-coconut-scones
"

          Sizzled onions & peppers        
",/recipes/1414635/sizzled-onions-and-peppers
"

          Strawberry Pavlova        
",/recipes/711658/strawberry-pavlova
"

          Korean fried chicken burgers        
",/recipes/korean-fried-chicken-burgers
"

          Pear parkin pudding with custard        
",/recipes/12843/pear-parkin-pudding-with-custard
"

          Fruity summer sundaes        
",/recipes/7788/fruity-summer-sundaes
"

          Coffee & walnut cake        
",/recipes/2528636/coffee-and-walnut-cake
"

          Ultimate toad-in-the-hole with caramelised onion gravy        
",/recipes/ultimate-toad-hole-caramelised-onion-gravy
"

          Roasted squash & red onion pasta        
",/recipes/1456/roasted-squash-and-red-onion-pasta
"

          Sticky seeded salmon with satsuma salad        
",/recipes/sticky-seeded-salmon-satsuma-salad
"

          Mussel popcorn subs        
",/recipes/mussel-popcorn-subs
"

          Salted toffee sauce        
",/recipes/2604656/salted-toffee-sauce
"

          Pork schnitzel with tomato & caper sauce        
",/recipes/2581/pork-schnitzel-with-tomato-and-caper-sauce
"

          Gales blackberry & apple pie        
",/recipes/2749/gales-blackberry-and-apple-pie
"

          Cherry soup with whipped mascarpone & caramelised almonds        
",/recipes/cherry-soup-whipped-mascarpone-caramelised-almonds
"

          Double choc & pistachio ice cream sandwiches        
",/recipes/double-choc-pistachio-ice-cream-sandwiches
"

          Melty mushroom Wellingtons        
",/recipes/12804/melty-mushroom-wellingtons
"

          Polenta & prosciutto chips        
",/recipes/polenta-prosciutto-chips
"

          Warm avocado salad with spicy chorizo        
",/recipes/1891/warm-avocado-salad-with-spicy-chorizo
"

          Sweet potato dhal with curried vegetables        
",/recipes/sweet-potato-dhal-curried-vegetables
"

          Thai coconut rice with salmon        
",/recipes/3008/thai-coconut-rice-with-salmon
"

          Aubergine, tomato & Parmesan bake (Melanzane alla Parmigiana)        
",/recipes/10033/aubergine-tomato-and-parmesan-bake-melanzane-alla-
"

          Curried egg mayo sandwich topper        
",/recipes/curried-ego-mayo-sandwich-topper
"

          Kerala prawn curry        
",/recipes/1326/kerala-prawn-curry
"

          Horseradish latkes with avocado, gravadlax & poached eggs        
",/recipes/horseradish-latkes-avocado-gravadlax-poached-eggs
"

          Spiced cauliflower with chickpeas, herbs & pine nuts        
",/recipes/2196642/spiced-cauliflower-with-chickpeas-herbs-and-pine-n
"

          Egg-in-the-hole smoked salmon & avocado toastie        
",/recipes/egg-hole-smoked-salmon-avocado-toastie
"

          Creamy butter beans with quick fried prawns        
",/recipes/420623/creamy-butter-beans-with-quick-fried-prawns
"

          Fragrant Thai drumsticks        
",/recipes/2360639/fragrant-thai-drumsticks
"

          Tangy herb chutney        
",/recipes/tangy-herb-chutney
"

          Chestnut & cranberry roll        
",/recipes/4968/chestnut-and-cranberry-roll
"

          Roasted aubergine, tomato & basil pasta        
",/recipes/11755/roasted-aubergine-tomato-and-basil-pasta
"

          Salmon, avocado & cucumber salad        
",/recipes/4521/salmon-avocado-and-cucumber-salad
"

          Crispy cubed roasties with garlic & thyme        
",/recipes/crispy-cubed-roasties-garlic-thyme
"

          Christmas brownie lollipops        
",/recipes/69609/christmas-brownie-lollipops
"

          Shredded duck, watercress & orange salad        
",/recipes/2138645/shredded-duck-watercress-and-orange-salad
"

          Marmalade pork        
",/recipes/marmalade-pork
"

          Honeyed carrot salad        
",/recipes/3035/honeyed-carrot-salad
"

          Spiced braised venison with chilli & chocolate        
",/recipes/spiced-braised-venison-chilli-chocolate
"

          Venison sausage & chestnut casserole        
",/recipes/venison-sausage-chestnut-casserole
"

          Chopped allotment salad        
",/recipes/chopped-allotment-salad
"

          Sustainable fish pie        
",/recipes/1898657/sustainable-fish-pie
"

          Pink melon lollies        
",/recipes/3158679/pink-melon-lollies
"

          Potato salad with bacon & mustard        
",/recipes/644647/potato-salad-with-bacon-and-mustard
"

          Homemade houmous with pitta chips        
",/recipes/4675/homemade-houmous-with-pitta-chips
"

          Salmon with new potato & corn salad & basil dressing        
",/recipes/666653/salmon-with-new-potato-and-corn-salad-and-basil-dr
"

          Spinach salad with sesame dressing        
",/recipes/spinach-salad-sesame-dressing
"

          Ham hock burgers        
",/recipes/ham-hock-burgers
"

          Grilled sea trout with raw pea salsa        
",/recipes/grilled-sea-trout-raw-pea-salsa
"

          Courgette & ricotta tart        
",/recipes/2536641/courgette-and-ricotta-tart
"

          Soba noodle & edamame salad with grilled tofu        
",/recipes/588637/soba-noodle-and-edamame-salad-with-grilled-tofu
"

          Thai beef with coconut dressing        
",/recipes/thai-beef-coconut-dressing
"

          Sunday morning baked eggs        
",/recipes/sunday-morning-baked-eggs
"

          Creamy chilled basil, pea & lettuce soup        
",/recipes/2102/creamy-chilled-basil-pea-and-lettuce-soup
"

          Crunchy potato squares with herby salt        
",/recipes/2744680/crunchy-potato-squares-with-herby-salt
"

          Soft herb scrambled egg with asparagus        
",/recipes/2951/soft-herb-scrambled-egg-with-asparagus
"

          Chicken, edamame & ginger pilaf        
",/recipes/1840665/chicken-edamame-and-ginger-pilaf
"

          Mexican roast chicken & tomato soup        
",/recipes/2875667/mexican-roast-chicken-and-tomato-soup
"

          Anytime sweetcorn & tomato nachos        
",/recipes/4674/anytime-sweetcorn-and-tomato-nachos
"

          Fennel & celery salad        
",/recipes/2762/fennel-and-celery-salad
"

          Perfect jacket potatoes        
",/recipes/843642/perfect-jacket-potatoes
"

          Green garden veg pie        
",/recipes/7522/green-garden-veg-pie
"

          Strawberry brunch bruschettas        
",/recipes/3147692/strawberry-brunch-bruschettas
"

          Grilled goat's cheese with cranberry dressing        
",/recipes/4982/grilled-goats-cheese-with-cranberry-dressing
"

          Sugar-free carrot cake         
",/recipes/1940676/sugarfree-carrot-cake-
"

          Classic roast chicken & gravy        
",/recipes/5930/classic-roast-chicken-and-gravy
"

          Peas & beans with pancetta & mint        
",/recipes/1161637/peas-and-beans-with-pancetta-and-mint
"

          Lime & chilli pitta crisps        
",/recipes/1496/lime-and-chilli-pitta-crisps
"

          Lamb & aubergine stew with crispy chickpea topping        
",/recipe/lamb-aubergine-stew-crispy-chickpea-topping
"

          Celeriac soup with scallops & black pudding        
",/recipes/1805650/celeriac-soup-with-scallops-and-black-pudding
"

          Veggie platter        
",/recipes/1546/veggie-platter
"

          Glazed gammon with parsley & cider sauce        
",/recipes/2176/glazed-gammon-with-parsley-and-cider-sauce
"

          Cashew caramels        
",/recipes/cashew-caramels
"

          Duck egg sponge cake        
",/recipes/duck-egg-sponge-cake
"

          Lemon meringue pie        
",/recipes/1135655/lemon-meringue-pie
"

          Effortless raspberry iced mousse        
",/recipes/1281/effortless-raspberry-iced-mousse
"

          Simple herb-baked trout & horseradish        
",/recipes/simple-herb-baked-trout-horseradish
"

          Fruity figgy flapjacks        
",/recipes/fruity-figgy-flapjacks
"

          Crisp cider-braised pork belly        
",/recipes/1107643/crisp-ciderbraised-pork-belly
"

          Crab & sweetcorn chowder        
",/recipes/1658637/crab-and-sweetcorn-chowder
"

          Energy bites        
",/recipes/2407637/energy-bites
"

          Herby chicken & butter bean soup        
",/recipes/herby-chicken-butter-bean-soup
"

          Spicy prawn poppadoms        
",/recipes/2151/spicy-prawn-poppadoms
"

          Spaghetti with broccoli & anchovies        
",/recipes/2142/spaghetti-with-broccoli-and-anchovies
"

          The ultimate makeover: Chocolate brownies        
",/recipes/10036/the-ultimate-makeover-chocolate-brownies
"

          Spiced fruit loaf        
",/recipes/400627/spiced-fruit-loaf
"

          Grilled aubergines with spicy chickpeas & walnut sauce        
",/recipes/420624/grilled-aubergines-with-spicy-chickpeas-and-walnut
"

          Greek lamb with smoked aubergine & minty broad beans        
",/recipes/greek-lamb-smoked-aubergine-minty-broad-beans
"

          Carrot & tomato soup        
",/recipes/carrot-tomato-soup
"

          Coffee creams with chocolate orange sauce        
",/recipes/2752/coffee-creams-with-chocolate-orange-sauce
"

          Easy noodles        
",/recipes/1813/easy-noodles
"

          Sweet potato chips        
",/recipes/2532/sweet-potato-chips
"

          Orange cranachan        
",/recipes/144607/orange-cranachan
"

          Rose baklava        
",/recipes/rose-baklava
"

          Tasty chicken noodles        
",/recipes/9789/tasty-chicken-noodles
"

          Baked polenta with spinach & goat's cheese        
",/recipes/826642/baked-polenta-with-spinach-and-goats-cheese
"

          Glazed apples & pears with sticky shallots        
",/recipes/4961/glazed-apples-and-pears-with-sticky-shallots
"

          Mackerel with sizzled garlic, ginger & tomatoes        
",/recipes/1415670/mackerel-with-sizzled-garlic-ginger-and-tomatoes
"

          Salted caramel choc pots        
",/recipes/1912638/salted-caramel-choc-pots
"

          Chinese noodles with tofu & hazelnuts        
",/recipes/3486/chinese-noodles-with-tofu-and-hazelnuts
"

          Roasted chickpea wraps        
",/recipes/roasted-chickpea-wraps
"

          Sweet & sticky chicken noodles        
",/recipes/461666/sweet-and-sticky-chicken-noodles
"

          Moroccan pomegranate & roast veg salad        
",/recipes/moroccan-pomegranate-roast-veg-salad
"

          Smoky tofu tortillas        
",/recipes/smoky-tofu-tortillas-1
"

          Fried coconut bananas        
",/recipes/471630/fried-coconut-bananas
"

          Lollipop cake        
",/recipes/1863/lollipop-cake
"

          Falafels with houmous & tabbouleh        
",/recipes/falafels-houmous-tabbouleh
"

          Pumpkin & pecan strudel        
",/recipes/2534647/pumpkin-and-pecan-strudel
"

          Feta-crusted lamb with rich tomato sauce        
",/recipes/10200/fetacrusted-lamb-with-rich-tomato-sauce
"

          Spaghetti Bolognese with salami & basil        
",/recipes/spaghetti-bolognese-salami-basil
"

          Honey muesli with raspberries & hazelnuts        
",/recipes/2255/honey-muesli-with-raspberries-and-hazelnuts
"

          Polenta & pancetta stuffing        
",/recipes/890650/polenta-and-pancetta-stuffing
"

          Fish stew with roast garlic & saffron        
",/recipes/fish-stew-roast-garlic-saffron
"

          Chicken tikka kebabs with Indian salad        
",/recipes/2382/chicken-tikka-kebabs-with-indian-salad
"

          Fudgy fig roll        
",/recipes/fudgy-fig-roll
"

          A good steak & kidney pie        
",/recipes/1313/a-good-steak-and-kidney-pie
"

          Creamy tarragon chicken bake        
",/recipes/4452/creamy-tarragon-chicken-bake
"

          Chunky fish chowder        
",/recipes/1898/chunky-fish-chowder
"

          Vietnamese pork salad        
",/recipes/3299/vietnamese-pork-salad
"

          Shallot Tatin        
",/recipes/shallot-tatin
"

          Cheddar & sage scones        
",/recipes/cheddar-sage-scones
"

          Smoked paprika prawn skewers        
",/recipes/smoked-paprika-prawn-skewers
"

          Crispy pork & vegetable rolls        
",/recipes/1339/crispy-pork-and-vegetable-rolls
"

          Devilled mushrooms        
",/recipes/1278/devilled-mushrooms
"

          Salmon, dill & potato tart        
",/recipes/8252/salmon-dill-and-potato-tart
"

          Simple Greek salad        
",/recipes/2856/simple-greek-salad
"

          Cheesy corn muffalettas         
",/recipes/2861/cheesy-corn-muffalettas-
"

          Cheesy stuffed squash        
",/recipes/2328/cheesy-stuffed-squash
"

          Honeyed winter salad        
",/recipes/1587/honeyed-winter-salad
"

          Aubergine with prawns in oyster sauce        
",/recipes/aubergine-prawns-oyster-sauce
"

          Chocolate fudge cake        
",/recipes/532637/chocolate-fudge-cake
"

          Congee with soy eggs        
",/recipes/congee-soy-eggs
"

          Star anise roast chicken        
",/recipes/star-anise-roast-chicken-1
"

          Chicken souvlaki        
",/recipes/chicken-souvlaki
"

          Pear tarte Tatin        
",/recipes/4778/pear-tarte-tatin
"

          Chilli chocolate cookies        
",/recipes/1853646/chilli-chocolate-cookies
"

          Cheesy baked onions        
",/recipes/8109/cheesy-baked-onions
"

          Squash, lentil & bean one-pot with fig raita        
",/recipes/2141651/squash-lentil-and-bean-onepot-with-fig-raita
"

          Mushroom & courgette rice pie        
",/recipes/3199/mushroom-and-courgette-rice-pie
"

          Mushroom-stuffed chicken with lemon thyme risotto        
",/recipes/10031/mushroomstuffed-chicken-with-lemon-thyme-risotto
"

          Toffee apple & pecan cake        
",/recipes/toffee-apple-pecan-cake
"

          Lemon & sage stuffed loin of pork        
",/recipes/lemon-sage-stuffed-loin-pork
"

          Roast sirloin of beef & Port gravy        
",/recipes/749713/roast-sirloin-of-beef-and-port-gravy
"

          Asparagus, avocado & quinoa superfood tabbouleh        
",/recipes/asparagus-avocado-quinoa-superfood-tabbouleh
"

          Peach Melba Pavlova        
",/recipes/1553650/peach-melba-pavlova
"

          Garlic & shallot spinach        
",/recipes/7677/garlic-and-shallot-spinach
"

          Mustard glazed pork with apple Caesar salad        
",/recipes/1111641/mustard-glazed-pork-with-apple-caesar-salad
"

          Salt crust sirloin with roasted beetroot & horseradish cream        
",/recipes/2155/salt-crust-sirloin-with-roasted-beetroot-and-horse
"

          Parkin        
",/recipes/1940684/parkin
"

          Tipsy rhubarb & blood orange jelly        
",/recipes/tipsy-rhubarb-blood-orange-jelly
"

          Scotch egg pie        
",/recipes/scotch-egg-pie
"

          Chicken liver & chorizo salad        
",/recipes/1664634/chicken-liver-and-chorizo-salad
"

          Crunchy granola with berries & cherries        
",/recipes/1315/crunchy-granola-with-berries-and-cherries
"

          Millionaire's chocolate tart        
",/recipes/402623/millionaires-chocolate-tart
"

          Thai chicken parcel with sugar snap peas & rice        
",/recipes/thai-chicken-parcel-sugar-snap-peas-rice
"

          Clementine & Grand Marnier semi-freddos        
",/recipes/1759648/clementine-and-grand-marnier-semifreddos
"

          Summer deli platter         
",/recipes/4654/summer-deli-platter-
"

          Smoky sausage casserole        
",/recipes/smoky-sausage-casserole
"

          Quick beef & broccoli noodles        
",/recipes/3452/quick-beef-and-broccoli-noodles
"

          Choc-peanut fondants with chocolate soil & cherries        
",/recipes/3020686/chocpeanut-fondants-with-chocolate-soil-and-cherri
"

          Chocolate tree cake        
",/recipes/995648/chocolate-tree-cake
"

          Ploughman's cheese & tomato pockets        
",/recipes/691640/ploughmans-cheese-and-tomato-pockets
"

          Plum kulfis        
",/recipes/7710/plum-kulfis
"

          Bourbon cocktail        
",/recipes/bourbon-cocktail
"

          Festive squash jalousie        
",/recipes/1016636/festive-squash-jalousie
"

          Roast chicken with sweet potato gremolata salad        
",/recipes/roast-chicken-sweet-potato-gremolata-salad-0
"

          Ice cream cone cakes        
",/recipe/ice-cream-cone-cakes
"

          Sherry-braised pork cheeks        
",/recipe/sherry-braised-pig-cheeks
"

          Gordon's eggs Benedict        
",/recipes/2450/gordons-eggs-benedict
"

          Sesame, sunflower & poppy seed bloomer        
",/recipes/1582677/sesame-sunflower-and-poppy-seed-bloomer
"

          Super smoky bacon & tomato spaghetti        
",/recipes/super-smoky-bacon-tomato-spaghetti
"

          Strawberry jellies        
",/recipes/531634/strawberry-jellies
"

          Blackberry & apple pasties        
",/recipes/4783/blackberry-and-apple-pasties
"

          Thai minced chicken salad        
",/recipes/4753/thai-minced-chicken-salad
"

          Best-ever macaroni cheese with crunch crumb        
",/recipes/2925668/bestever-macaroni-cheese-with-crunch-crumb
"

          Creamy beetroot risotto        
",/recipes/12278/creamy-beetroot-risotto
"

          Rhubarb & almond crumble tart        
",/recipes/9630/rhubarb-and-almond-crumble-tart
"

          Honey & mustard chicken thighs with spring veg        
",/recipes/honey-mustard-chicken-thighs-spring-veg
"

          Planet cookies        
",/recipes/planet-cookies
"

          Sizzled lamb with Mexican salsa        
",/recipes/3167/sizzled-lamb-with-mexican-salsa
"

          Cranberry & marzipan baked apples        
",/recipes/1421/cranberry-and-marzipan-baked-apples
"

          Cheesy onion pizza        
",/recipes/4651/cheesy-onion-pizza
"

          Bake-from-the-freezer pizzas        
",/recipes/1363653/bakefromthefreezer-pizzas
"

          Bang bang chicken cups        
",/recipes/bang-bang-chicken-cups
"

          Smoked mackerel, orange & couscous salad        
",/recipes/1039644/smoked-mackerel-orange-and-couscous-salad
"

          Barramundi with Moroccan spices        
",/recipes/5213/barramundi-with-moroccan-spices
"

          Flapjack baked plums        
",/recipes/2867/flapjack-baked-plums
"

          Celery sticks with blue cheese dip        
",/recipes/1803654/celery-sticks-with-blue-cheese-dip
"

          Creamy baked haddock & tatties        
",/recipes/1644/creamy-baked-haddock-and-tatties
"

          BBQ minty garlic lamb        
",/recipes/1516/bbq-minty-garlic-lamb
"

          Spiced oatmeal fritters with coconut caramel pears        
",/recipes/spiced-oatmeal-fritters-coconut-caramel-pears
"

          Mediterranean stuffed peppers        
",/recipes/518631/mediterranean-stuffed-peppers
"

          Grilled salmon with chilli & lime butter        
",/recipes/2601/grilled-salmon-with-chilli-and-lime-butter
"

          Sea bass with asparagus & Jersey Royals        
",/recipes/2137650/sea-bass-with-asparagus-and-jersey-royals
"

          Apple pie samosas        
",/recipes/235608/apple-pie-samosas
"

          Grilled aubergine & tomato salad        
",/recipes/2415649/grilled-aubergine-and-tomato-salad
"

          Pea & watercress soup        
",/recipes/10872/pea-and-watercress-soup
"

          Spicy jerk prawn & mango tacos with coconut dressing        
",/recipe/spicy-jerk-prawn-mango-tacos-coconut-dressing
"

          Red cabbage salad        
",/recipes/1826703/red-cabbage-salad
"

          Bombay lamb wraps        
",/recipes/bombay-lamb-wraps
"

          Spiced two-bean salad         
",/recipes/2409/spiced-twobean-salad-
"

          Summer puddings        
",/recipes/2737/summer-puddings
"

          Chocolate orange marble cake        
",/recipes/2988682/chocolate-orange-marble-cake
"

          Sticky tamari & honey chicken thighs        
",/recipes/487631/sticky-tamari-and-honey-chicken-thighs
"

          Seared beef, spelt & butternut salad        
",/recipes/seared-beef-spelt-butternut-salad
"

          Chicken, leek & parsley pie        
",/recipes/6036/chicken-leek-and-parsley-pie
"

          Harissa aubergine kebabs with minty carrot salad        
",/recipes/2469647/harissa-aubergine-kebabs-with-minty-carrot-salad
"

          Custard tart with nutmeg pastry         
",/recipes/13353/custard-tart-with-nutmeg-pastry-
"

          Roast chicken with salsa & garlic mash        
",/recipes/251624/roast-chicken-with-salsa-and-garlic-mash
"

          Doughnut muffins        
",/recipes/1853652/doughnut-muffins
"

          Three-hour shoulder of lamb        
",/recipes/644633/threehour-shoulder-of-lamb
"

          Macadamia & cranberry American cookies        
",/recipes/13387/macadamia-and-cranberry-american-cookies
"

          One-pan jerk roast chicken        
",/recipes/one-pan-jerk-roast-chicken
"

          Honeyed orange & grapefruit        
",/recipes/1108651/honeyed-orange-and-grapefruit
"

          Mix & match mini Christmas puddings        
",/recipes/1799643/mix-and-match-mini-christmas-puddings
"

          Green beans with anchovy & soft egg        
",/recipes/1914/green-beans-with-anchovy-and-soft-egg
"

          Really easy roasties        
",/recipes/2830675/really-easy-roasties
"

          Two-step carbonara        
",/recipes/7591/twostep-carbonara
"

          Crisp sea bass with grapefruit hollandaise        
",/recipes/crisp-sea-bass-grapefruit-hollandaise
"

          Speedy green chicken curry        
",/recipes/3147689/speedy-green-chicken-curry
"

          No-churn ice cream        
",/recipes/741636/nochurn-ice-cream
"

          Pistachio & cranberry cookies        
",/recipes/1759655/pistachio-and-cranberry-cookies
"

          Hot & sour coconut soup        
",/recipes/1970/hot-and-sour-coconut-soup
"

          Date, banana & rum loaf        
",/recipes/5141/date-banana-and-rum-loaf
"

          Spring chicken one-pot        
",/recipes/3074684/spring-chicken-onepot
"

          Summer nachos with prawns        
",/recipes/2503/summer-nachos-with-prawns
"

          Apple & walnut marmalade        
",/recipes/2802/apple-and-walnut-marmalade
"

          Halloumi & watermelon bulghar salad        
",/recipes/halloumi-watermelon-bulghar-salad
"

          Five-spice beef with black bean sauce & bok choi        
",/recipes/5826/fivespice-beef-with-black-bean-sauce-and-bok-choi
"

          Starry toffee cake squares        
",/recipes/2246/starry-toffee-cake-squares
"

          Satay grilled aubergine        
",/recipe/satay-grilled-aubergine
"

          Confit of duck with herbed potato cakes        
",/recipes/2973685/confit-of-duck-with-herbed-potato-cakes
"

          Make-ahead gravy        
",/recipes/2743668/makeahead-gravy
"

          Easter chocolate bark        
",/recipes/easter-chocolate-bark
"

          Lime & pepper chicken wraps        
",/recipes/7004/lime-and-pepper-chicken-wraps
"

          Blueberry & almond tart        
",/recipes/1269634/blueberry-and-almond-tart
"

          Leek & goat's cheese tartlets        
",/recipes/236614/leek-and-goats-cheese-tartlets
"

          Mediterranean chicken with roasted vegetables        
",/recipes/3244/mediterranean-chicken-with-roasted-vegetables
"

          Bulghar & broad bean salad with zesty dressing        
",/recipes/3028689/bulghar-and-broad-bean-salad-with-zesty-dressing
"

          Sweet pepper pasta        
",/recipes/3159/sweet-pepper-pasta
"

          Fortune cookies        
",/recipes/fortune-cookies
"

          Fresh spinach & anchovy tart        
",/recipes/3045/fresh-spinach-and-anchovy-tart
"

          Rabbit & pork terrine with peppercorns        
",/recipes/rabbit-pork-terrine-peppercorns
"

          Chargrilled vegetable salad        
",/recipes/681664/chargrilled-vegetable-salad
"

          Apple berry crumble        
",/recipes/749640/apple-berry-crumble
"

          Indian lamb cutlets        
",/recipes/3554/indian-lamb-cutlets
"

          Apricot butter cake        
",/recipes/1553648/apricot-butter-cake
"

          Spiced stollen plait        
",/recipes/spiced-stollen-plait
"

          Chocolate truffles        
",/recipes/408640/chocolate-truffles
"

          Citrus & fennel marinated olives        
",/recipes/citrus-fennel-marinated-olives
"

          Chilli Marrakech        
",/recipes/2895664/chilli-marrakech
"

          Italian chickpea stew        
",/recipes/1240/italian-chickpea-stew
"

          Refreshing lychee & lime sorbet        
",/recipes/3372/refreshing-lychee-and-lime-sorbet
"

          Butternut & harissa houmous        
",/recipes/2837666/butternut-and-harissa-houmous
"

          Turkey steaks with citrus & ginger sauce        
",/recipes/1727/turkey-steaks-with-citrus-and-ginger-sauce
"

          Hooting Halloween owls        
",/recipes/1604/hooting-halloween-owls
"

          Courgette, sausage & rigatoni bakes        
",/recipes/courgette-sausage-rigatoni-bakes
"

          Lemon pollock with sweet potato chips & broccoli mash        
",/recipes/lemon-pollock-sweet-potato-chips-broccoli-mash
"

          Roast poussin with pickled radishes        
",/recipes/roast-poussin-pickled-radishes
"

          Chickpea & nut burgers with sweet potato chips        
",/recipes/chickpea-nut-burgers-sweet-potato-chips
"

          Lamb kebabs & Greek salad        
",/recipes/2220665/lamb-kebabs-and-greek-salad
"

          Apricot shortbread        
",/recipe/apricot-shortbread
"

          Prawn & herb noodle salad        
",/recipes/2275/prawn-and-herb-noodle-salad
"

          Open mackerel sandwich with fennel slaw        
",/recipes/2472641/open-mackerel-sandwich-with-fennel-slaw
"

          Spanish chicken        
",/recipes/12696/spanish-chicken
"

          Sticky pork with gingered noodles & kale        
",/recipes/12737/sticky-pork-with-gingered-noodles-and-kale
"

          Slow-cooked porridge        
",/recipes/slow-cooked-porridge
"

          Baked apple & toffee crumble        
",/recipes/baked-apple-toffee-crumble
"

          Simple heart of palm & tomato salad        
",/recipes/2158/simple-heart-of-palm-and-tomato-salad
"

          Peach & chilli chutney        
",/recipes/3158677/peach-and-chilli-chutney
"

          Cranberry chicken salad        
",/recipes/884634/cranberry-chicken-salad
"

          Barbecued fajita steak        
",/recipes/1414637/barbecued-fajita-steak
"

          Tasty cottage pie with parsnip mash        
",/recipes/1232/tasty-shepherds-pie-with-parsnip-mash
"

          Clotted cream splits        
",/recipes/4436/clotted-cream-splits
"

          Courgette, feta & mint salad        
",/recipes/2196644/courgette-feta-and-mint-salad
"

          Apricot & blueberry crumble cake        
",/recipes/7037/apricot-and-blueberry-crumble-cake
"

          Razzle dazzle lemon roulade        
",/recipes/razzle-dazzle-lemon-roulade
"

          Mini egg Martini        
",/recipes/mini-egg-martini
"

          Spanish tomato salad        
",/recipe/spanish-tomato-salad
"

          Ice cream bombe        
",/recipes/ice-cream-bombe
"

          Smoked salmon kedgeree        
",/recipes/3047/smoked-salmon-kedgeree
"

          Turkey noodle soup        
",/recipes/988633/turkey-noodle-soup
"

          Griddled chicken & corn on the cob salad        
",/recipes/2196645/griddled-chicken-and-corn-on-the-cob-salad
"

          Banoffee trifles        
",/recipes/1637/banoffee-trifles
"

          Bacon & broccoli pasta        
",/recipes/2017/bacon-and-broccoli-pasta
"

          Bengali mustard fish        
",/recipes/bengali-mustard-fish
"

          Jam & white chocolate roly-poly        
",/recipes/1660660/jam-and-white-chocolate-rolypoly
"

          Poached apricots with rosewater        
",/recipes/12288/poached-apricots-with-rosewater
"

          Chilli coconut pork with vegetable noodle salad        
",/recipes/1892/chilli-coconut-pork-with-vegetable-noodle-salad
"

          Maryland chicken        
",/recipes/maryland-chicken
"

          Beef with red wine & carrots        
",/recipes/353606/beef-with-red-wine-and-carrots
"

          Roasted lettuce        
",/recipes/2520/roasted-lettuce
"

          Dark chocolate & cherry bar        
",/recipes/dark-chocolate-cherry-bar
"

          Easy BBQ beans        
",/recipes/1094654/easy-bbq-beans
"

          South African chutney chicken        
",/recipes/south-african-chutney-chicken
"

          Lamb shashliks with rosemary & garlic        
",/recipes/2257642/lamb-shashliks-with-rosemary-and-garlic
"

          Spicy lamb with chickpeas        
",/recipes/1490/spicy-lamb-with-chickpeas
"

          Walnut & red pepper pesto pasta        
",/recipes/walnut-red-pepper-pesto-pasta
"

          Pork steaks with gin & coriander sauce        
",/recipes/1368/pork-steaks-with-gin-and-coriander-sauce
"

          Poppadums with lime & coriander dip        
",/recipes/1691/poppadums-with-lime-and-coriander-dip
"

          BBQ chicken & coleslaw        
",/recipes/6270/bbq-chicken-and-coleslaw
"

          Fruity teacake        
",/recipes/11608/fruity-teacake
"

          Lemon & herb-basted simple roast turkey        
",/recipes/lemon-herb-basted-simple-roast-turkey
"

          Quick Caesar salad with roast chicken & bacon        
",/recipes/663634/quick-caesar-salad-with-roast-chicken-and-bacon
"

          Ginger lemon fizz        
",/recipes/11590/ginger-lemon-fizz
"

          Pizza        
",/recipes/291609/pizza
"

          Blueberry soured cream cake with cheesecake frosting        
",/recipes/1224/blueberry-soured-cream-cake-with-cheesecake-frosti
"

          Fruity American pancakes        
",/recipes/1156/fruity-american-pancakes
"

          Sausage, apple & sage roll        
",/recipes/sausage-apple-sage-roll
"

          Homemade marzipan thins        
",/recipes/2919/homemade-marzipan-thins
"

          Creamy butter beans with crispy crumbs        
",/recipes/1107634/creamy-butter-beans-with-crispy-crumbs
"

          Lemony mushroom pilaf        
",/recipes/988638/lemony-mushroom-pilaf
"

          Cuddly egg men        
",/recipes/2686668/cuddly-egg-men
"

          Roast fillet of beef with shallot & mushroom sauce        
",/recipes/8735/roast-fillet-of-beef-with-shallot-and-mushroom-sau
"

          Homemade toffee apples        
",/recipes/13599/homemade-toffee-apples
"

          Pistachio & orange madeleines        
",/recipes/pistachio-orange-madeleines
"

          Fig & blue cheese tart        
",/recipes/69608/fig-and-blue-cheese-tart
"

          Pork burgers with herby chips        
",/recipes/11173/pork-burgers-with-herby-chips
"

          Spring greens with lemon dressing        
",/recipes/2063669/spring-greens-with-lemon-dressing
"

          Cherry & raspberry gratin        
",/recipes/11232/cherry-and-raspberry-gratin
"

          The ultimate makeover: Fish & chips        
",/recipes/5544/the-ultimate-makeover-fish-and-chips
"

          Buttered toast bread sauce        
",/recipes/buttered-toast-bread-sauce
"

          Learn to make spaghetti carbonara        
",/recipes/2876/learn-to-make-spaghetti-carbonara
"

          Lamb cutlets al fresco         
",/recipes/2411/lamb-cutlets-al-fresco-
"

          Sweet potato Tex-Mex salad        
",/recipes/sweet-potato-tex-mex-salad
"

          Apple, pear & walnut crumble        
",/recipes/2852/apple-pear-and-walnut-crumble
"

          Apricot blatjang        
",/recipes/5111/apricot-blatjang
"

          Prawns & radishes with chilli mayo dip        
",/recipes/prawns-radishes-chilli-mayo-dip
"

          Anytime pesto & prawn pasta salad        
",/recipes/anytime-pesto-prawn-pasta-salad
"

          Green smoothie        
",/recipes/clean-green-smoothie
"

          Cinnamon pineapple upside-down cake        
",/recipes/cinnamon-pineapple-upside-down-cake
"

          Simple squash risotto        
",/recipes/13012/simple-squash-risotto
"

          Herby bean sausage stew        
",/recipes/3181/herby-bean-sausage-stew
"

          Slow-roast lamb with cinnamon, fennel & citrus        
",/recipes/1108644/slowroast-lamb-with-cinnamon-fennel-and-citrus
"

          Spanish seafood pasta        
",/recipes/2358641/spanish-seafood-pasta
"

          Double chocolate profiteroles with salted caramel cream        
",/recipes/double-chocolate-profiteroles-salted-caramel-cream
"

          Chicken & orange salad        
",/recipes/4648/chicken-and-orange-salad
"

          Kale & smoky bacon pasta        
",/recipes/kale-smoky-bacon-pasta
"

          Homemade chipotle molasses BBQ sauce        
",/recipes/homemade-chipotle-molasses-bbq-sauce
"

          Cauliflower Polonaise soup        
",/recipes/2575/cauliflower-polonaise-soup
"

          Three-hour pork belly        
",/recipes/782637/threehour-pork-belly
"

          Dairy-free pancakes        
",/recipes/2920663/dairyfree-pancakes
"

          Baked green eggs        
",/recipes/baked-green-eggs
"

          Iced chestnut ripple cheesecake        
",/recipes/2768682/iced-chestnut-ripple-cheesecake
"

          Birthday biscuits         
",/recipes/4506/birthday-biscuits-
"

          Fennel, watercress & pine nut salad        
",/recipes/1785/fennel-watercress-and-pine-nut-salad
"

          Lime & ginger bars        
",/recipes/lime-ginger-bars
"

          Lobster with Thermidor butter        
",/recipes/5041/lobster-with-thermidor-butter
"

          Rosemary & garlicky lentils        
",/recipes/843645/rosemary-and-garlicky-lentils
"

          Sesame grilled asparagus rafts        
",/recipes/1267648/sesame-grilled-asparagus-rafts
"

          Raspberry, chocolate & hazelnut breakfast bread        
",/recipe/raspberry-chocolate-hazelnut-breakfast-bread
"

          Herby slashed roasties        
",/recipes/2712/herby-slashed-roasties
"

          Old fashioned         
",/recipes/old-fashioned
"

          Spinach & artichoke filo pie        
",/recipes/3476/spinach-and-artichoke-filo-pie
"

          Coconut, raspberry & lime meringue slice        
",/recipes/988641/coconut-raspberry-and-lime-meringue-slice
"

          Satay pork with crunchy apple salad         
",/recipes/10390/satay-pork-with-crunchy-apple-salad-
"

          Turkey & mushroom pot pies        
",/recipes/turkey-mushroom-pot-pies
"

          Smoked haddock with buttered spinach & mustard sauce        
",/recipes/3019680/smoked-haddock-with-buttered-spinach-and-mustard-s
"

          Steak & chips        
",/recipes/1661644/steak-and-chips
"

          Spiced parsnip soup        
",/recipes/13346/spiced-parsnip-soup
"

          Spicy tuna & chickpea patties        
",/recipes/1260/spicy-tuna-and-chickpea-patties
"

          Roasted gnocchi, sundried tomato & olive stacks        
",/recipes/roasted-gnocchi-sundried-tomato-olive-stacks
"

          Cumin-spiced roasted carrots        
",/recipes/cumin-spiced-roasted-carrots
"

          Aubergine timbales with goat's cheese        
",/recipes/2287/aubergine-timbales-with-goats-cheese
"

          Slime bug cups        
",/recipes/slime-bug-cups
"

          Cabbage with caraway        
",/recipes/1135649/cabbage-with-caraway
"

          Spaghetti with spinach & walnut pesto        
",/recipes/1572651/spaghetti-with-spinach-and-walnut-pesto
"

          Prawn laksa curry bowl        
",/recipes/prawn-laksa-curry-bowl
"

          Leek & bacon risotto        
",/recipes/827639/leek-and-bacon-risotto
"

          Gremolata prawn pasta        
",/recipes/2410645/gremolata-prawn-pasta
"

          Easiest-ever pancakes        
",/recipes/1609/easiestever-pancakes
"

          Sticky malt loaves        
",/recipes/1411653/sticky-malt-loaves
"

          Sweet & sour mackerel        
",/recipes/335625/sweet-and-sour-mackerel
"

          Summer herb & feta pies        
",/recipes/summer-herb-feta-pies
"

          Chocolate birthday cake         
",/recipes/4508/chocolate-birthday-cake-
"

          Pork & sage sausage rolls        
",/recipes/1369647/pork-and-sage-sausage-rolls
"

          Lemony roast chicken pie        
",/recipes/1974655/lemony-roast-chicken-pie
"

          Chocolate & orange fudge squares        
",/recipes/9838/chocolate-and-orange-fudge-squares
"

          Sage and Onion Sauce        
",/recipes/3250/sage-and-onion-sauce
"

          Salmon & fennel en croute with watercress sauce        
",/recipes/3420/salmon-and-fennel-en-croute-with-watercress-sauce
"

          Halloumi & bacon rolls        
",/recipes/3060/halloumi-and-bacon-rolls
"

          Italian aubergine traybake        
",/recipes/italian-aubergine-traybake
"

          Sussex puddle pudding        
",/recipes/sussex-puddle-pudding
"

          Cos, asparagus & red onion salad        
",/recipes/2202/cos-asparagus-and-red-onion-salad
"

          Creamy seafood stew        
",/recipes/1267642/creamy-seafood-stew
"

          Bacon & tomato ciabatta        
",/recipes/3259/bacon-and-tomato-ciabatta
"

          Rosemary-flavoured olives        
",/recipes/5318/rosemaryflavoured-olives
"

          Chicken & mushroom puff pie        
",/recipes/1765/chicken-and-mushroom-puff-pie
"

          Turkey burgers with sweet potato chips        
",/recipes/turkey-burgers-sweet-potato-chips
"

          Orzo with spinach & cherry tomatoes        
",/recipe/orzo-spinach-cherry-tomatoes
"

          Jerk chicken burger        
",/recipes/jerk-chicken-burger
"

          Veggie subzi biryani        
",/recipes/291610/veggie-subzi-biryani
"

          Aussie burgers with the lot        
",/recipes/2257643/aussie-burgers-with-the-lot
"

          Asparagus & lentil salad with cranberries & crumbled feta        
",/recipes/asparagus-lentil-salad-cranberries-crumbled-feta
"

          Yogurt & almond chicken curry        
",/recipes/420643/yogurt-and-almond-chicken-curry
"

          Baked nectarines & raspberries with almonds & honey        
",/recipes/baked-nectarines-raspberries-almonds-honey
"

          Honey-roast beetroot        
",/recipes/3192/honeyroast-beetroot
"

          Peking-style noodles         
",/recipes/1396/pekingstyle-noodles-
"

          Frosted courgette & lemon cake        
",/recipes/749703/frosted-courgette-and-lemon-cake
"

          Mozzarella peppers with chunky Italian dressing        
",/recipes/3572/mozzarella-peppers-with-chunky-italian-dressing
"

          Buttery potato cake        
",/recipes/1366/buttery-potato-cake
"

          The Good Food Country Breeze        
",/recipes/10029/the-good-food-country-breeze
"

          Bacon, pea & basil macaroni        
",/recipes/11172/bacon-pea-and-basil-macaroni
"

          Plums & blackberries in rosemary syrup        
",/recipes/2809/plums-and-blackberries-in-rosemary-syrup
"

          Leek & Caerphilly crumble tart        
",/recipes/2530642/leek-and-caerphilly-crumble-tart
"

          Seared cod with chowder sauce        
",/recipes/11247/seared-cod-with-chowder-sauce
"

          Fresh pea & lovage soup        
",/recipes/757640/fresh-pea-and-lovage-soup
"

          Fish pie tart with minted pea salad        
",/recipes/fish-pie-tart-minted-pea-salad
"

          Lemon creams with blackberries        
",/recipes/2941/lemon-creams-with-blackberries
"

          Garden herb chicken        
",/recipes/1575636/garden-herb-chicken
"

          Double chocolate & caramel tart, frosted pistachios & rum cream        
",/recipes/double-chocolate-caramel-tart-frosted-pistachios-rum-cream
"

          Pumpkin & parsnip cassoulet        
",/recipes/2924/pumpkin-and-parsnip-cassoulet
"

          Mushroom & chickpea burgers        
",/recipes/412623/mushroom-and-chickpea-burgers
"

          Country salad        
",/recipes/12275/country-salad
"

          Pot-roasted pheasant        
",/recipes/252623/potroasted-pheasant
"

          Avocado & smoked salmon spelt spaghetti        
",/recipes/avocado-smoked-salmon-spelt-spaghetti
"

          Broad bean, yogurt & mint soup        
",/recipes/2380/broad-bean-yogurt-and-mint-soup
"

          Lemon & raspberry meringue tart        
",/recipes/10881/lemon-and-raspberry-meringue-tart
"

          Tropical fruits in lemongrass syrup        
",/recipes/1650/tropical-fruits-in-lemongrass-syrup
"

          Herby lamb burgers with beetroot mayo        
",/recipes/1959658/herby-lamb-burgers-with-beetroot-mayo
"

          Broccoli & sage pasta        
",/recipes/143606/broccoli-and-sage-pasta
"

          Roast duck & griddled plum salad        
",/recipes/roast-duck-griddled-plum-salad
"

          Quick sausage Bolognese        
",/recipes/6662/quick-sausage-bolognese
"

          Barbecued lamb with punchy melon salsa        
",/recipes/11736/barbecued-lamb-with-punchy-melon-salsa
"

          Sweet & hot prawn & pineapple curry        
",/recipes/1106/sweet-and-hot-prawn-and-pineapple-curry
"

          Turkey chilli & rice tacos        
",/recipes/1813640/turkey-chilli-and-rice-tacos
"

          Scallops with mushrooms & white wine (Coquilles St Jacques Parisienne)        
",/recipes/3236/scallops-with-mushrooms-and-white-wine-coquilles-s
"

          Hidden heart cake        
",/recipes/hidden-heart-cake
"

          Thai spinach bites        
",/recipes/1166637/thai-spinach-bites
"

          Grilled courgette, bean & cheese quesadilla        
",/recipes/2320654/grilled-courgette-bean-and-cheese-quesadilla
"

          Cinnamon shortbread        
",/recipes/896663/cinnamon-shortbread
"

          Ham & asparagus toad-in-the-hole        
",/recipes/1508649/ham-and-asparagus-toadinthehole
"

          Goat's cheese & new potato tart        
",/recipes/2123/goats-cheese-and-new-potato-tart
"

          Easy fluffy scones        
",/recipes/12347/easy-fluffy-scones
"

          Sirloin steaks with pizzaiola sauce        
",/recipes/10032/sirloin-steaks-with-pizzaiola-sauce
"

          The ultimate makeover: Prawn cocktail        
",/recipes/711652/the-ultimate-makeover-prawn-cocktail
"

          Hot-smoked salmon & egg salad        
",/recipes/12419/hotsmoked-salmon-and-egg-salad
"

          Strawberry & rosewater mousse        
",/recipes/2716/strawberry-and-rosewater-mousse
"

          Tuna Caesar with anchovies & cavolo nero         
",/recipes/tuna-caesar-anchovies-cavolo-nero
"

          Bacon & Brie omelette wedges with summer salad        
",/recipes/2196641/bacon-and-brie-omelette-wedges-with-summer-salad
"

          Toasted malt loaf with pressed ham terrine & spiced apple compote        
",/recipes/toasted-malt-loaf-pressed-ham-terrine-spiced-apple-compote
"

          Seed & grain cottage loaf        
",/recipes/seed-grain-cottage-loaf
"

          Bone broth        
",/recipes/bone-broth
"

          Madeira gravy        
",/recipes/8361/madeira-gravy
"

          Iced berry pud        
",/recipes/2145/iced-berry-pud
"

          Lemon & passion fruit eclairs        
",/recipes/lemon-passion-fruit-eclairs
"

          Watercress mashed potato        
",/recipes/2040651/watercress-mashed-potato
"

          Wedding cake - light fruit cake        
",/recipes/4575/wedding-cake--light-fruit-cake
"

          Spicy vegetable fajitas        
",/recipes/1719/spicy-vegetable-fajitas
"

          Toasted marshmallow & ginger cake        
",/recipes/toasted-marshmallow-ginger-cake
"

          Lamb, turnip & celeriac hotpot        
",/recipes/lamb-turnip-celeriac-hotpot
"

          Roast duck breasts with maple syrup vinaigrette        
",/recipes/4957/roast-duck-breasts-with-maple-syrup-vinaigrette
"

          Smoked salmon & avocado sushi        
",/recipes/1813661/smoked-salmon-and-avocado-sushi
"

          Pistachio praline & vanilla cake        
",/recipes/1999/pistachio-praline-and-vanilla-cake
"

          Baked goat's cheese with beetroot, honey & thyme        
",/recipes/7553/baked-goats-cheese-with-beetroot-honey-and-thyme
"

          Sweet potato jackets with guacamole & kidney beans        
",/recipes/sweet-potato-jackets-guacamole-kidney-beans
"

          Baked mushrooms with ricotta & pesto        
",/recipes/1994/baked-mushrooms-with-ricotta-and-pesto
"

          Indian roasted butternut squash soup with seeded naan        
",/recipes/indian-roasted-butternut-squash-soup-seeded-naan
"

          Parmesan potato skins        
",/recipes/2248654/parmesan-potato-skins
"

          Spaghetti with crab, cherry tomatoes & basil        
",/recipes/1364638/spaghetti-with-crab-cherry-tomatoes-and-basil
"

          Pick & mix lamingtons        
",/recipes/1276634/pick-and-mix-lamingtons
"

          Artichoke & olive dip        
",/recipes/749666/artichoke-and-olive-dip
"

          Fragrant spiced chicken with banana sambal        
",/recipes/fragrant-spiced-chicken-banana-sambal
"

          Indian oven chips        
",/recipes/indian-oven-chips
"

          Jewelled wild rice with almonds        
",/recipes/jewelled-wild-rice-almonds
"

          Lemon meringue ice cream cake        
",/recipes/2982/lemon-meringue-ice-cream-cake
"

          Lomo saltado (Beef stir-fry)        
",/recipes/lomo-saltado-beef-stir-fry
"

          Spicy lentil soup with curry pinwheel rolls        
",/recipes/1651633/spicy-lentil-soup-with-curry-pinwheel-rolls
"

          Celeriac & potato gratin        
",/recipes/celeriac-potato-gratin
"

          Pork & thyme cheeseburgers        
",/recipe/pork-thyme-cheeseburgers
"

          Cranberry & pomegranate sauce        
",/recipes/1799638/cranberry-and-pomegranate-sauce
"

          Giant couscous & aubergine salad        
",/recipes/531639/giant-couscous-and-aubergine-salad
"

          Mulled apple juice        
",/recipes/13370/mulled-apple-juice
"

          Mont Blanc-tini        
",/recipes/mont-blanc-tini
"

          Beetroot & fennel gratin with macadamia & hazelnut dukkah        
",/recipes/2137642/beetroot-and-fennel-gratin-with-macadamia-and-haze
"

          Spiced lamb with lemon & herb quinoa          
",/recipes/1940711/spiced-lamb-with-lemon-and-herb-quinoa-
"

          Baked blue cheese with figs & walnuts        
",/recipes/baked-blue-cheese-figs-walnuts
"

          Vegetable fried rice        
",/recipes/vegetable-fried-rice
"

          Moroccan spiced fish with ginger mash        
",/recipes/8088/moroccan-spiced-fish-with-ginger-mash
"

          Tagliatelle with vegetable ragu        
",/recipes/1898644/tagliatelle-with-vegetable-ragu
"

          No-cook spiced apple chutney        
",/recipes/1826689/nocook-spiced-apple-chutney
"

          Pancake cannelloni        
",/recipes/pancake-cannelloni
"

          Steamed tilapia with green chilli & coconut chutney        
",/recipes/1813676/steamed-tilapia-with-green-chilli-and-coconut-chut
"

          Smoked haddock tartlets with poached eggs & chives        
",/recipes/12397/smoked-haddock-tartlets-with-poached-eggs-and-chiv
"

          Upside-down sticky apricot cake        
",/recipes/4605/upsidedown-sticky-apricot-cake
"

          Korean-style prawn & spring onion pancake        
",/recipes/korean-style-prawn-spring-onion-pancake
"

          Brandy pudding        
",/recipes/1837651/brandy-pudding
"

          Chinese-style kale        
",/recipes/5138/chinesestyle-kale
"

          Herby broccoli        
",/recipes/412631/herby-broccoli
"

          Pear & ginger muffins        
",/recipes/2883/pear-and-ginger-muffins
"

          Pepper & lemon crusted salmon with asparagus        
",/recipes/4396/pepper-and-lemon-crusted-salmon-with-asparagus
"

          Bang bang chicken with Sichuan salad        
",/recipe/bang-bang-chicken-sichuan-salad
"

          End-of-the-week veggie noodles with ginger & tamari        
",/recipes/veggie-noodles-ginger-tamari
"

          Thai chicken salad        
",/recipes/thai-chicken-salad
"

          Pears with speedy choc sauce        
",/recipes/1133666/pears-with-speedy-choc-sauce
"

          The ultimate makeover: Coffee walnut cake        
",/recipes/12393/the-ultimate-makeover-coffee-walnut-cake
"

          Asparagus, pea & feta frittata with roast tomatoes        
",/recipes/asparagus-pea-feta-frittata-roast-tomatoes
"

          Chicken ballottines with sage & pancetta        
",/recipes/2546/chicken-ballottines-with-sage-and-pancetta
"

          Spaghetti with hot-smoked salmon, rocket & capers        
",/recipes/1251/spaghetti-with-hotsmoked-salmon-rocket-and-capers
"

          Prawn & pak choi stir-fry        
",/recipes/prawn-pak-choi-stir-fry
"

          Black olive tapenade        
",/recipes/black-olive-tapenade
"

          Cheddar scones        
",/recipes/2475/cheddar-scones
"

          Classic Victoria sandwich        
",/recipes/1997/classic-victoria-sandwich
"

          Spicy mango citrus slaw        
",/recipes/spicy-mango-citrus-slaw
"

          Spring vegetable soup with basil pesto        
",/recipes/4332/spring-vegetable-soup-with-basil-pesto
"

          Eton mess trifle        
",/recipes/3090675/eton-mess-trifle
"

          One-pan glazed rack of lamb with spiced red onions & potatoes        
",/recipes/one-pan-glazed-rack-lamb-spiced-red-onions-potatoes
"

          Chilli chicken wraps        
",/recipes/chilli-chicken-wraps
"

          Italian pork patties with potato wedges        
",/recipes/518633/italian-pork-patties-with-potato-wedges
"

          Malaysian mess        
",/recipes/malaysian-mess
"

          Peach Melba jam        
",/recipe/peach-melba-jam
"

          Honey yogurt cheesecake        
",/recipes/711651/honey-yogurt-cheesecake
"

          Superfood salad with citrus dressing        
",/recipes/superfood-salad-citrus-dressing
"

          Spiced toffee apple cake        
",/recipes/1758668/spiced-toffee-apple-cake
"

          Venetian-style pasta        
",/recipes/12135/venetianstyle-pasta
"

          Strawberries & cream cheesecake jars        
",/recipe/strawberries-cream-cheesecake-jars
"

          Zingy teriyaki beef skewers        
",/recipes/zingy-teriyaki-beef-skewers
"

          Pad Thai with prawns        
",/recipes/2536645/pad-thai-with-prawns
"

          Sweet & fruity Yorkshire        
",/recipes/1748/sweet-and-fruity-yorkshire
"

          Pickled red cabbage        
",/recipes/1826694/pickled-red-cabbage
"

          Brussels sprouts with pancetta         
",/recipes/2433/brussels-sprouts-with-pancetta-
"

          Sticky pork belly with Vietnamese-style salad & smashed peanuts        
",/recipes/sticky-pork-belly-vietnamese-style-salad-smashed-peanuts
"

          One-pot pork with orange, olives & bay        
",/recipes/3020692/onepot-pork-with-orange-olives-and-bay
"

          Dressed Little Gems        
",/recipes/2107/dressed-little-gems
"

          Asparagus, lemon & ricotta tart        
",/recipes/2594/asparagus-lemon-and-ricotta-tart
"

          Villa Valentina's potato gnocchi        
",/recipes/1624/villa-valentinas-potato-gnocchi
"

          Greek lamb & macaroni bake        
",/recipes/2852670/greek-lamb-and-macaroni-bake
"

          Tender duck legs with baby turnips        
",/recipes/3930/tender-duck-legs-with-baby-turnips
"

          Almond & raspberry cruffins        
",/recipes/almond-raspberry-cruffins
"

          Warm chickpea, chorizo & pepper salad        
",/recipes/1126/warm-chickpea-chorizo-and-pepper-salad
"

          Herb-crusted roast pork        
",/recipes/1561/herbcrusted-roast-pork
"

          Cooking with kids: Spaghetti & meatballs with hidden veg sauce         
",/recipes/2451637/cooking-with-kids-spaghetti-and-meatballs-with-hid
"

          Three cheese & onion jacket potato topper        
",/recipes/2493636/three-cheese-and-onion-jacket-potato-topper
"

          The ultimate makeover: New York cheesecake        
",/recipes/5878/the-ultimate-makeover-new-york-cheesecake
"

          Chicken korma melts        
",/recipes/chicken-korma-melts
"

          Hot pasta salad        
",/recipes/3455/hot-pasta-salad
"

          Chilli nuts        
",/recipes/2136/chilli-nuts
"

          Fusilli with glorious green spinach sauce        
",/recipes/2493/fusilli-with-glorious-green-spinach-sauce
"

          Turkey cacciatore with a twist        
",/recipes/1826693/turkey-cacciatore-with-a-twist
"

          Chicory roasted with thyme & bacon        
",/recipes/1468/chicory-roasted-with-thyme-and-bacon
"

          Peach crumble        
",/recipes/peach-crumble
"

          Anytime eggs & potatoes        
",/recipes/anytime-eggs-potatoes
"

          Prawn & mushroom five-spice stir-fry        
",/recipes/2778667/prawn-and-mushroom-fivespice-stirfry
"

          Mini sausage croissants        
",/recipes/1162671/mini-sausage-croissants
"

          Pickled cherries        
",/recipes/pickled-cherries
"

          Strawberry toffee tart        
",/recipes/2192/strawberry-toffee-tart
"

          Honeyed sesame chicken with peach & cucumber salad        
",/recipes/647633/honeyed-sesame-chicken-with-peach-and-cucumber-sal
"

          Sausage, leek & fennel pasta        
",/recipes/sausage-leek-fennel-pasta
"

          Easy vanilla ice cream        
",/recipes/2354/easy-vanilla-ice-cream
"

          Scandinavian roast turkey with prune & juniper stuffing & caramelised apples        
",/recipes/1788638/scandinavian-roast-turkey-with-prune-and-juniper-s
"

          Sausage & lentil one-pot        
",/recipes/2233/sausage-and-lentil-onepot
"

          Classic prawn cocktail        
",/recipes/4602/classic-prawn-cocktail
"

          Roasted squash with pesto & mozzarella        
",/recipes/2141643/roasted-squash-with-pesto-and-mozzarella
"

          Lamb & rosemary koftas        
",/recipes/lamb-rosemary-koftas
"

          Crab, spring onion & pancetta slice        
",/recipes/3087681/crab-spring-onion-and-pancetta-slice
"

          Cheat's hot-cross buns        
",/recipes/3475/cheats-hotcross-buns
"

          Parsnip hash browns        
",/recipes/1736/parsnip-hash-browns
"

          Chilli & tangerine braised lentils        
",/recipes/864644/chilli-and-tangerine-braised-lentils
"

          Sweet & sour rainbow slaw        
",/recipes/sweet-sour-rainbow-slaw
"

          Artichoke & lemon salad        
",/recipes/3296/artichoke-and-lemon-salad
"

          Chargrilled veg houmous with dippers        
",/recipes/1841663/chargrilled-veg-houmous-with-dippers
"

          Cheat's banana & peanut brittle ice cream        
",/recipes/cheats-banana-peanut-brittle-ice-cream
"

          The ultimate makeover: Bread & butter pudding        
",/recipes/1658650/the-ultimate-makeover-bread-and-butter-pudding
"

          Frozen raspberry & white choc cheesecake        
",/recipes/frozen-raspberry-white-choc-cheesecake
"

          Barbecue baked sweet potatoes        
",/recipes/11225/barbecue-baked-sweet-potatoes
"

          Roast summer vegetables & chickpeas        
",/recipes/10757/roast-summer-vegetables-and-chickpeas
"

          Marmalade bar        
",/recipes/1958637/marmalade-bar
"

          Salted caramel & popcorn eclairs        
",/recipes/salted-caramel-popcorn-eclairs
"

          Tomato kachumber        
",/recipes/tomato-kachumber
"

          Harissa salmon with zesty couscous        
",/recipes/harissa-salmon-zesty-couscous
"

          Lemon & almond shortbread bars        
",/recipes/lemon-almond-shortbread-bars
"

          Pork chops with lemon roast potatoes        
",/recipes/pork-chops-lemon-roast-potatoes
"

          Crunchy Christmas crostini         
",/recipes/2679/crunchy-christmas-crostini-
"

          Shortbread        
",/recipes/11609/shortbread
"

          Salmon & Puy lentil salad with olive dressing        
",/recipes/10204/salmon-and-puy-lentil-salad-with-olive-dressing
"

          Spicy yogurt chicken        
",/recipes/1523/spicy-yogurt-chicken
"

          Ultimate macaroni cheese        
",/recipes/1790/ultimate-macaroni-cheese
"

          Orange soured cream cakes with syruped papaya        
",/recipes/1885/orange-soured-cream-cakes-with-syruped-papaya
"

          Chewy no-bake cereal bars        
",/recipes/chewy-no-bake-cereal-bars
"

          Country-style toad in the hole        
",/recipes/1749/countrystyle-toad-in-the-hole
"

          Honeyed carrot soup        
",/recipes/4852/honeyed-carrot-soup
"

          Cinnamon swirls        
",/recipes/694635/cinnamon-swirls
"

          Mango with lime sugar        
",/recipes/2609/mango-with-lime-sugar
"

          Rib-eye steak with basil hollandaise        
",/recipes/5147/ribeye-steak-with-basil-hollandaise
"

          Pork with swede colcannon        
",/recipes/4832/pork-with-swede-colcannon
"

          Fruit custard shortcake        
",/recipes/3437/fruit-custard-shortcake
"

          Mustard crusted fillet of beef with deli salad        
",/recipes/2267/mustard-crusted-fillet-of-beef-with-deli-salad
"

          Savoy cabbage with almonds        
",/recipes/893645/savoy-cabbage-with-almonds
"

          Baked sweet potatoes & beans        
",/recipes/1658639/baked-sweet-potatoes-and-beans
"

          Crunchy radish & tomato salad        
",/recipes/1713637/crunchy-radish-and-tomato-salad
"

          Avocado & citrus dip with spicy spuds & tortilla chips        
",/recipes/11219/avocado-and-citrus-dip-with-spicy-spuds-and-tortil
"

          Barbecue pork buns        
",/recipes/3362/barbecue-pork-buns
"

          Stir-fried Savoy cabbage        
",/recipes/1104652/stirfried-savoy-cabbage
"

          Heavenly chocolate pudding        
",/recipes/1305/heavenly-chocolate-pudding
"

          Stollen muffins        
",/recipes/stollen-muffins
"

          Asparagus, sundried tomato & olive loaf        
",/recipes/10595/asparagus-sundried-tomato-and-olive-loaf
"

          Turkish-style sharing bread        
",/recipes/turkish-style-sharing-bread
"

          Greek chicken kebab        
",/recipes/greek-chicken-kebab
"

          Lemon curd & blueberry loaf cake        
",/recipes/358609/lemon-curd-and-blueberry-loaf-cake
"

          Homemade houmous        
",/recipes/2029/homemade-houmous
"

          Veggie noodle pot        
",/recipes/veggie-noodle-pot
"

          Moules frites         
",/recipes/3856/moules-frites-
"

          Carrot, orange & avocado salad        
",/recipes/carrot-orange-avocado-salad
"

          Polenta, roasted vegetables & peppered Parmesan crisps        
",/recipes/2303678/polenta-roasted-vegetables-and-peppered-parmesan-c
"

          Cavolo nero & pancetta tart        
",/recipes/1128652/cavolo-nero-and-pancetta-tart
"

          Dover sole with buttered leeks & shrimps        
",/recipes/5880/dover-sole-with-buttered-leeks-and-shrimps
"

          Tahini & lemon sauce        
",/recipes/tahini-lemon-sauce
"

          Falafel Scotch eggs        
",/recipes/falafel-scotch-eggs
"

          Christmas salad with goat's cheese        
",/recipes/2252/christmas-salad-with-goats-cheese
"

          Spinach dhal with paneer        
",/recipes/143608/spinach-dhal-with-paneer
"

          Cornmeal pancakes with spiced pork & avocado salsa        
",/recipes/1135636/cornmeal-pancakes-with-spiced-pork-and-avocado-sal
"

          Deep-fried tofu with pineapple, sweet chilli & basil        
",/recipes/deep-fried-tofu-pineapple-sweet-chilli-basil-0
"

          Turkey chilli jacket potatoes        
",/recipes/2536646/turkey-chilli-jacket-potatoes
"

          Baked stuffed Romano peppers        
",/recipes/9022/baked-stuffed-romano-peppers
"

          Grilled pork with apple & sage        
",/recipes/5158/grilled-pork-with-apple-and-sage
"

          Watercress, new potato & salmon salad        
",/recipes/11260/watercress-new-potato-and-salmon-salad
"

          Salmon & broccoli cakes with watercress, avocado & tomato salad        
",/recipes/1898643/salmon-and-broccoli-cakes-with-watercress-avocado-
"

          Frosted candy cake        
",/recipes/995635/frosted-candy-cake
"

          Monster cupcakes        
",/recipes/778647/monster-cupcakes
"

          Green bean & mustard pickle        
",/recipes/1411639/green-bean-and-mustard-pickle
"

          Orange & cardamom tree biscuits        
",/recipes/2767671/orange-and-cardamom-tree-biscuits
"

          Sausage, sage & onion stuffing        
",/recipes/3056/sausage-sage-and-onion-stuffing
"

          Tapenade twists        
",/recipes/1396637/tapenade-twists
"

          Bread pudding        
",/recipes/13355/bread-pudding
"

          Veg & cheese rolls        
",/recipes/veg-cheese-rolls
"

          Basic muffin recipe        
",/recipes/2331641/basic-muffin-recipe
"

          Chicken fajitas with avocado & Caesar dressing        
",/recipes/11793/chicken-fajitas-with-avocado-and-caesar-dressing
"

          Peach Melba trifle        
",/recipes/1915/peach-melba-trifle
"

          Boozy Christmas bombe        
",/recipes/3204/boozy-christmas-bombe
"

          Quick & easy tiramisu        
",/recipes/quick-easy-tiramisu
"

          Beer can chicken        
",/recipes/beer-can-chicken
"

          Steamed cranberry roly-poly        
",/recipes/2854/steamed-cranberry-rolypoly
"

          Bombay popcorn mix        
",/recipes/1959666/bombay-popcorn-mix
"

          Soft-set strawberry & Pimm's jam        
",/recipes/1364650/softset-strawberry-and-pimms-jam
"

          Baked banana cheesecake        
",/recipes/baked-banana-cheesecake
"

          Salmon & soya bean salad        
",/recipes/1376634/salmon-andamp-soya-bean-salad
"

          Smoky maple duck salad        
",/recipes/6382/smoky-maple-duck-salad
"

          Grilled duck breast with minted peas        
",/recipes/1841/grilled-duck-breast-with-minted-peas
"

          Chilli chicken with honey & soy        
",/recipes/1359/chilli-chicken-with-honey-and-soy
"

          Crunchy crusted citrus scones        
",/recipes/3340/crunchy-crusted-citrus-scones
"

          Mediterranean sardine salad        
",/recipes/1648653/mediterranean-sardine-salad
"

          Steak, chips & quick pepper sauce        
",/recipes/679640/steak-chips-and-quick-pepper-sauce
"

          Fresh mint & choc chip ice cream        
",/recipes/2252644/fresh-mint-and-choc-chip-ice-cream
"

          Antipasti peach platter        
",/recipes/1511688/antipasti-peach-platter
"

          Sherried turkey & ham bake        
",/recipes/1141/sherried-turkey-and-ham-bake
"

          Open ravioli with squash & porcini mushrooms        
",/recipes/72626/open-ravioli-with-squash-and-porcini-mushrooms
"

          Marshmallow & strawberry kebabs        
",/recipe/marshmallow-strawberry-kebabs
"

          Spicy tuna pasta        
",/recipes/11187/spicy-tuna-pasta
"

          Smoked haddock & white bean soup        
",/recipes/1759640/smoked-haddock-and-white-bean-soup
"

          Boiled bacon with cabbage & carrots        
",/recipes/5843/boiled-bacon-with-cabbage-and-carrots
"

          Roasted pepper & halloumi wraps        
",/recipes/1461/roasted-pepper-and-halloumi-wraps
"

          Green beans with shallots        
",/recipes/1272638/green-beans-with-shallots
"

          Tomato & curd cheese tart        
",/recipes/7664/tomato-and-curd-cheese-tart
"

          Peppered fillet steak with parsley potatoes        
",/recipes/1974660/peppered-fillet-steak-with-parsley-potatoes
"

          White chocolate & strawberry marquise        
",/recipes/590635/white-chocolate-and-strawberry-marquise
"

          Blue cheese pasta        
",/recipes/3004/blue-cheese-pasta
"

          Carrot houmous with pitta dippers        
",/recipes/775663/carrot-houmous-with-pitta-dippers
"

          Halloween treats & drinks        
",/recipes/12986/halloween-treats-and-drinks
"

          Oriental salmon & broccoli traybake        
",/recipes/2410638/oriental-salmon-and-broccoli-traybake
"

          Bresaola with exotic fruit salsa        
",/recipes/2934/bresaola-with-exotic-fruit-salsa
"

          Boulanger potatoes with bacon        
",/recipes/boulanger-potatoes-bacon
"

          Avocado panzanella        
",/recipes/avocado-panzanella
"

          Gooseberry cream & elderflower jelly pots        
",/recipes/1415683/gooseberry-cream-and-elderflower-jelly-pots
"

          Bonfire Night baked potatoes        
",/recipes/1759659/bonfire-night-baked-potatoes
"

          Spiced duck & date tagine        
",/recipes/spiced-duck-date-tagine
"

          Carrot, clementine & pineapple juice        
",/recipes/carrot-clementine-pineapple-juice
"

          Sweet & spicy stuffed chicken breasts         
",/recipes/1606/sweet-and-spicy-stuffed-chicken-breasts-
"

          Zingy chicken stir-fry        
",/recipes/8260/zingy-chicken-stirfry
"

          Lemon sole with sorrel sauce        
",/recipes/468666/lemon-sole-with-sorrel-sauce
"

          Apple & sultana muffins        
",/recipes/1572663/apple-and-sultana-muffins
"

          Chorizo with celeriac remoulade        
",/recipes/chorizo-celeriac-remoulade
"

          Spaghetti with tomato, chilli & tuna salsa        
",/recipes/4413/spaghetti-with-tomato-chilli-and-tuna-salsa
"

          Mont Blanc ice-cream squares        
",/recipes/8235/mont-blanc-icecream-squares
"

          Aubergine pickle        
",/recipes/2303647/aubergine-pickle
"

          Rhubarb & star anise sorbet        
",/recipes/rhubarb-star-anise-sorbet
"

          Asparagus cream pasta        
",/recipes/3928/asparagus-cream-pasta
"

          Pickled onions        
",/recipes/1826697/pickled-onions
"

          Mediterranean salmon fillet        
",/recipes/5934/mediterranean-salmon-fillet
"

          Minced beef & sweet potato stew        
",/recipes/2778668/minced-beef-and-sweet-potato-stew
"

          Crab cakes with dill mayonnaise        
",/recipes/1415677/crab-cakes-with-dill-mayonnaise
"

          British pork cassoulet        
",/recipes/2848/british-pork-cassoulet
"

          Crunchy Coronation chicken salad        
",/recipes/6635/crunchy-coronation-chicken-salad
"

          Tomato & chorizo risotto        
",/recipes/tomato-chorizo-risotto
"

          Burnt sprouts with pomegranate & sesame        
",/recipes/burnt-sprouts-pomegranate-sesame
"

          Smoky butter beans & greens        
",/recipes/461633/smoky-butter-beans-and-greens
"

          Berry semifreddo with warm chocolate sauce        
",/recipes/1196/berry-semifreddo-with-warm-chocolate-sauce
"

          Chicken with harissa & tomatoes        
",/recipes/6343/chicken-with-harissa-and-tomatoes
"

          Butternut, maple & pecan lattice pie        
",/recipes/749705/butternut-maple-and-pecan-lattice-pie
"

          Leanburgers with rocket & peppers        
",/recipes/1847/leanburgers-with-rocket-and-peppers
"

          Chicken biryani bake        
",/recipes/1167643/chicken-biryani-bake
"

          Venison steak with Port sauce        
",/recipes/778650/venison-steak-with-port-sauce
"

          Rare beef & anchovy salad with rocket & Caesar dressing        
",/recipes/11243/rare-beef-and-anchovy-salad-with-rocket-and-caesar
"

          Parsnip croquettes        
",/recipes/parsnip-croquettes
"

          Lettuce, chicory & apple salad with poppy seed dressing        
",/recipes/1805637/lettuce-chicory-and-apple-salad-with-poppy-seed-dr
"

          Wilted spring greens in nut oil        
",/recipes/wilted-spring-greens-nut-oil
"

          Lemon chicken salad with crunchy croutons        
",/recipes/2482/lemon-chicken-salad-with-crunchy-croutons
"

          Spicy cheese bites         
",/recipes/2836/spicy-cheese-bites-
"

          Strawberry & polenta cupcakes        
",/recipes/7032/strawberry-and-polenta-cupcakes
"

          Sweet potato salad        
",/recipes/2303651/sweet-potato-salad
"

          Blitz-&-bake sticky toffee Christmas pud        
",/recipes/2791/blitzandbake-sticky-toffee-christmas-pud
"

          Asparagus & tuna salad        
",/recipes/3074677/asparagus-and-tuna-salad
"

          Chicory, pomegranate & feta salad        
",/recipes/75607/chicory-pomegranate-and-feta-salad
"

          Warm Baby Gem & feta salad        
",/recipes/warm-baby-gem-feta-salad
"

          Hot sugared doughnuts        
",/recipes/7784/hot-sugared-doughnuts
"

          Show your spots cookie sandwiches        
",/recipes/2601642/show-your-spots-cookie-sandwiches
"

          Cookie-dough crumble        
",/recipes/2700/cookiedough-crumble
"

          Ham, cheese & mushroom turnovers        
",/recipes/164623/ham-cheese-and-mushroom-turnovers
"

          Egg & Puy lentil salad with tamari & watercress        
",/recipes/egg-puy-lentil-salad-tamari-watercress
"

          Cucumber & elderflower spritzer        
",/recipes/681662/cucumber-and-elderflower-spritzer
"

          Keralan chicken coconut ishtu        
",/recipes/keralan-chicken-coconut-ishtu
"

          Pork & prosciutto with creamy vegetables         
",/recipes/4534/pork-and-prosciutto-with-creamy-vegetables-
"

          Seeded wholemeal loaf        
",/recipes/seeded-wholemeal-loaf
"

          Honey & cumin chicken and aubergine skewers with pistachio dukkah        
",/recipes/honey-cumin-chicken-and-aubergine-skewers-pistachio-dukkah
"

          Mushroom fajitas with avocado houmous        
",/recipes/mushroom-fajitas-avocado-houmous
"

          Prawn cocktail crostini        
",/recipes/1789633/prawn-cocktail-crostini
"

          Meatballs with spaghetti        
",/recipes/1162664/meatballs-with-spaghetti
"

          Moroccan roasted vegetable soup        
",/recipes/moroccan-roasted-vegetable-soup
"

          Mussel mouclade pasta        
",/recipes/mussel-mouclade-pasta
"

          Thai chicken noodle salad        
",/recipes/11581/thai-chicken-noodle-salad
"

          Chicken, goat's cheese & cherry tomato bake        
",/recipes/2080/chicken-goats-cheese-and-cherry-tomato-bake
"

          Cointreau custard        
",/recipes/893659/cointreau-custard
"

          Peri-peri chicken pilaf        
",/recipes/peri-peri-chicken-pilaf
"

          Spaghetti nests        
",/recipes/2066655/spaghetti-nests
"

          Pistachio nut & spiced apple Bircher muesli        
",/recipes/pistachio-nut-spiced-apple-bircher-muesli
"

          Miso chilli steak with crispy sweet potatoes        
",/recipes/2853677/miso-chilli-steak-with-crispy-sweet-potatoes
"

          Salmon baked with herbs & caramelised lemons        
",/recipes/2200/salmon-baked-with-herbs-and-caramelised-lemons
"

          Ham & leek cannelloni        
",/recipes/7694/ham-and-leek-cannelloni
"

          Roast pepper & salmon platter        
",/recipes/6269/roast-pepper-and-salmon-platter
"

          Rhubarb & ginger crumble        
",/recipes/rhubarb-ginger-crumble
"

          Orange, walnut & Stilton salad        
",/recipes/1897690/orange-walnut-and-stilton-salad
"

          Mint, lime & cucumber salad        
",/recipes/1377636/mint-lime-and-cucumber-salad
"

          Irish soda bread        
",/recipes/1432/irish-soda-bread
"

          Bacon & roast onion salad        
",/recipes/3077682/bacon-and-roast-onion-salad
"

          Creamy smoked salmon, leek & potato soup        
",/recipes/890642/creamy-smoked-salmon-leek-and-potato-soup
"

          Gammon & cauliflower cheese grills        
",/recipes/3209/gammon-and-cauliflower-cheese-grills
"

          Spicy satay wings with peanut sauce        
",/recipes/spicy-satay-wings-peanut-sauce
"

          Spicy beans on toast        
",/recipes/spicy-beans-toast
"

          Sprout salad with citrus & pomegranate        
",/recipes/sprout-salad-citrus-pomegranate
"

          Celebration fish platter with spiced cucumber salad        
",/recipes/celebration-fish-platter-spiced-cucumber-salad
"

          Yorkshire parkin & blackberry trifle        
",/recipes/yorkshire-parkin-blackberry-trifle
"

          Mushroom, spinach & potato pie        
",/recipes/1413636/mushroom-spinach-and-potato-pie
"

          Passion fruit & coconut panna cotta        
",/recipes/164627/passion-fruit-and-coconut-panna-cotta
"

          Cured pollock with dill cream & radish salad        
",/recipes/cured-pollack-dill-cream-radish-salad
"

          Sticky chicken stir-fry with sesame seeds        
",/recipes/5596/sticky-chicken-stirfry-with-sesame-seeds
"

          Chicken & red wine casserole with herby dumplings        
",/recipes/2637/chicken-and-red-wine-casserole-with-herby-dumpling
"

          Cheeseboard pasta bake        
",/recipes/1381/cheeseboard-pasta-bake
"

          Salted maple-roasted parsnips        
",/recipes/salted-maple-roasted-parsnips
"

          Pesto & tomato pasta with crispy crumbs        
",/recipes/890637/pesto-and-tomato-pasta-with-crispy-crumbs
"

          20-minute seafood pasta         
",/recipes/1940/20minute-seafood-pasta-
"

          Honeyed peach & pistachio Pavlova        
",/recipe/honeyed-peach-pistachio-pavlova
"

          Healthy egg & chips        
",/recipes/5588/healthy-egg-and-chips
"

          Seared sirloin with Japanese dips        
",/recipes/seared-sirloin-japanese-dips
"

          Egg & bacon brioche soldiers        
",/recipes/egg-bacon-brioche-soldiers
"

          Healthy banana bread        
",/recipes/2554643/healthy-banana-bread
"

          Spiced rice & lentils with cauliflower        
",/recipes/5602/spiced-rice-and-lentils-with-cauliflower
"

          Creamy chicken & asparagus braise        
",/recipes/creamy-chicken-asparagus-braise
"

          Roasted rhubarb        
",/recipes/1949/roasted-rhubarb
"

          Prawn & chorizo skewers with gremolata        
",/recipes/889641/prawn-and-chorizo-skewers-with-gremolata
"

          Sticky pork belly bao buns        
",/recipes/sticky-pork-belly-bao-buns
"

          Blackcurrant coconut slices        
",/recipes/blackcurrant-coconut-slices
"

          Bolognese bake        
",/recipes/1008636/bolognese-bake
"

          Blueberry & coconut cake        
",/recipes/1104663/blueberry-and-coconut-cake
"

          Spiced aubergine bake        
",/recipes/spiced-aubergine-bake
"

          Sloe gin & fruit sponge puddings with custard        
",/recipes/887638/sloe-gin-and-fruit-sponge-puddings-with-custard
"

          Chocolate & Earl Grey torte        
",/recipes/1161650/chocolate-and-earl-grey-torte
"

          Vietnamese-style beef salad        
",/recipes/vietnamese-style-beef-salad
"

          The ultimate makeover: Sticky toffee pudding        
",/recipes/1167645/the-ultimate-makeover-sticky-toffee-pudding
"

          Grilled lemon sole with dumplings & lemon sauce        
",/recipes/532646/grilled-lemon-sole-with-dumplings-and-lemon-sauce
"

          Homemade pink lemonade        
",/recipes/2137656/homemade-pink-lemonade
"

          Keema curry & raita        
",/recipes/1755643/keema-curry-and-raita
"

          Grilled mushrooms with goat's cheese        
",/recipes/4773/grilled-mushrooms-with-goats-cheese
"

          Black Forest Bircher        
",/recipes/black-forest-bircher
"

          Gordon's mix & match steak        
",/recipes/2476/gordons-mix-and-match-steak
"

          Broccoli & green beans with toasted hazelnut butter        
",/recipes/broccoli-green-beans-toasted-hazelnut-butter
"

          Almond butter        
",/recipes/2536655/almond-butter
"

          Bloody Mary        
",/recipes/bloody-mary
"

          Roasted root vegetables        
",/recipes/893652/roasted-root-vegetables
"

          Egg custard tarts        
",/recipes/portuguese-egg-custard-tarts
"

          Roasted ratatouille chicken        
",/recipes/2636/roasted-ratatouille-chicken
"

          Choc chunk & high-fruit granola        
",/recipes/choc-chunk-high-fruit-granola
"

          Bunting biscuits        
",/recipes/2220696/bunting-biscuits
"

          Lemon & raspberry baskets        
",/recipes/2816/lemon-and-raspberry-baskets
"

          Cheesy cauliflower & bacon gratin        
",/recipes/420628/cheesy-cauliflower-and-bacon-gratin
"

          Bananas with mango & passion fruit caramel        
",/recipes/3015/bananas-with-mango-and-passion-fruit-caramel
"

          Sausages with sticky onion gravy        
",/recipes/2927/sausages-with-sticky-onion-gravy
"

          Quick chilli with creamy chive crushed potatoes        
",/recipes/12139/quick-chilli-with-creamy-chive-crushed-potatoes
"

          Chocolate brownie chunks with chocolate dip        
",/recipes/8863/chocolate-brownie-chunks-with-chocolate-dip
"

          Japanese-style brown rice        
",/recipes/japanese-style-brown-rice
"

          Crab & avocado sesame toasts        
",/recipes/1805669/crab-and-avocado-sesame-toasts
"

          Roasted rhubarb with mascarpone        
",/recipes/2511/roasted-rhubarb-with-mascarpone
"

          Warming veggie curry        
",/recipes/4836/warming-veggie-curry
"

          Chunky pear & apricot flappers         
",/recipes/2862/chunky-pear-and-apricot-flappers-
"

          Chilli potato stack with squash & garlic butter sauce        
",/recipes/5042/chilli-potato-stack-with-squash-and-garlic-butter-
"

          Farfalle with chicken, asparagus & pancetta        
",/recipes/1252/farfalle-with-chicken-asparagus-and-pancetta
"

          Mediterranean tuna, pepper & courgette tart        
",/recipes/2320663/mediterranean-tuna-pepper-and-courgette-tart
"

          Caribbean beef patties        
",/recipes/caribbean-beef-patties
"

          Mango, lime & coconut sundaes        
",/recipes/mango-lime-coconut-sundaes
"

          Turmeric smoothie bowl        
",/recipes/turmeric-smoothie-bowl
"

          Lighter Pizza Margherita        
",/recipes/lighter-pizza-margherita
"

          Blue cheese & grape salad with caramelised pecans        
",/recipes/7605/blue-cheese-and-grape-salad-with-caramelised-pecan
"

          Butter-braised peas, lettuce & mint        
",/recipes/1267647/butterbraised-peas-lettuce-and-mint
"

          Caesar chicory scoops        
",/recipes/1600/caesar-chicory-scoops
"

          Chilli crab & cherry tomato linguine        
",/recipes/chilli-crab-cherry-tomato-linguine
"

          Wintry vegetable crumbles        
",/recipes/1759643/wintry-vegetable-crumbles
"

          Full English tasting plate        
",/recipes/2138650/full-english-tasting-plate
"

          Pancetta chicken wraps        
",/recipes/3225/pancetta-chicken-wraps
"

          Grilled salmon tacos with chipotle lime yogurt        
",/recipes/2253642/grilled-salmon-tacos-with-chipotle-lime-yogurt
"

          Jumbo turkey samosas        
",/recipes/jumbo-turkey-samosas
"

          Baked almond & date tart        
",/recipes/2851/baked-almond-and-date-tart
"

          Spinach & feta falafel bites        
",/recipes/851646/spinach-and-feta-falafel-bites
"

          Blanquette of veal        
",/recipes/3592/blanquette-of-veal
"

          Oaty energy cookies        
",/recipes/2389639/oaty-energy-cookies
"

          Garlicky lamb cutlets with Sicilian-style greens        
",/recipes/garlicky-lamb-cutlets-sicilian-style-greens
"

          Stilton & fig salad with honey-thyme drizzle        
",/recipes/13105/stilton-and-fig-salad-with-honeythyme-drizzle
"

          Peppered fillet of beef with grilled artichoke salad        
",/recipes/11701/peppered-fillet-of-beef-with-grilled-artichoke-sal
"

          Pilchard puttanesca        
",/recipes/pilchard-puttanesca
"

          Baked pumpkin fondue        
",/recipes/baked-pumpkin-fondue
"

          Grilled wild salmon with anchovies, capers & lentils        
",/recipes/1902/grilled-wild-salmon-with-anchovies-capers-and-lent
"

          Pork & rabbit pie        
",/recipes/pork-rabbit-pie
"

          Storecupboard corn pancakes        
",/recipes/2119/storecupboard-corn-pancakes
"

          Butterfly cupcakes        
",/recipes/butterfly-cupcakes
"

          Chicken roasted with winter root vegetables        
",/recipes/1377/chicken-roasted-with-winter-root-vegetables
"

          Fish o'leekie        
",/recipes/3213/fish-oleekie
"

          Rhubarb & pear crumble        
",/recipes/3440/rhubarb-and-pear-crumble
"

          Fudgy chocolate & orange gateau        
",/recipes/fudgy-chocolate-orange-gateau
"

          Sesame spinach        
",/recipes/sesame-spinach
"

          Goose-bump Bakewell pies        
",/recipes/goose-bump-bakewell-pies
"

          Chorizo, prawn & polenta        
",/recipes/chorizo-prawn-polenta
"

          Teddy Christening cake        
",/recipes/2155654/teddy-christening-cake
"

          Spice-rubbed chicken with pomegranate salad        
",/recipes/72616/spicerubbed-chicken-with-pomegranate-salad
"

          Smoky paprika peppers        
",/recipes/2439/smoky-paprika-peppers
"

          Cornbread wedges        
",/recipes/3330/cornbread-wedges
"

          Sausage & maple swede traybake        
",/recipes/sausage-maple-swede-traybake
"

          Pumpkin & potato gratin        
",/recipes/1591/pumpkin-and-potato-gratin
"

          Chocolate chestnut cupcakes        
",/recipes/896667/chocolate-chestnut-cupcakes
"

          Italian stuffed chicken        
",/recipes/9593/italian-stuffed-chicken
"

          Smoked salmon flatbreads        
",/recipes/3028677/smoked-salmon-flatbreads
"

          Choc & ginger dippers        
",/recipes/2778672/choc-and-ginger-dippers
"

          Warm cauliflower salad        
",/recipes/1120662/warm-cauliflower-salad
"

          Cranberry & kumquat relish        
",/recipes/2308/cranberry-and-kumquat-relish
"

          Campfire cupcakes        
",/recipes/13374/campfire-cupcakes
"

          Orange & poppy seed cake with chocolate sauce        
",/recipes/7999/orange-and-poppy-seed-cake-with-chocolate-sauce
"

          Spiced fish & mussel pie        
",/recipes/2614/spiced-fish-and-mussel-pie
"

          Salmon, cranberry & couscous parcels        
",/recipes/72605/salmon-cranberry-and-couscous-parcels
"

          Sticky sprouts with grapes & walnuts        
",/recipes/sticky-sprouts-grapes-walnuts
"

          Mexican fish wraps        
",/recipes/3009/mexican-fish-wraps
"

          Hot mocha puddings        
",/recipes/hot-mocha-puddings
"

          Tomatoes stuffed with fruity dhal        
",/recipes/2901/tomatoes-stuffed-with-fruity-dhal
"

          Drunken berries with cream        
",/recipes/2111/drunken-berries-with-cream
"

          Lighter moussaka with crunchy feta & oregano        
",/recipes/lighter-moussaka-crunchy-feta-oregano
"

          Orange chocolate tart        
",/recipes/8783/orange-chocolate-tart
"

          Lamb brochettes with apricot & pine nut couscous        
",/recipes/11789/lamb-brochettes-with-apricot-and-pine-nut-couscous
"

          Christmas muffin mix        
",/recipes/2920/christmas-muffin-mix
"

          Minted green bean salad        
",/recipes/1978/minted-green-bean-salad
"

          Veal chops with sage & creamy squash polenta        
",/recipes/1369650/veal-chops-with-sage-and-creamy-squash-polenta
"

          Guinea fowl with mustard & lemon roots        
",/recipes/2336/guinea-fowl-with-mustard-and-lemon-roots
"

          Baked gnocchi with kale pesto & ham        
",/recipes/baked-gnocchi-kale-pesto-ham
"

          Garden leaves with smoked salmon & cheat's blinis        
",/recipes/765634/garden-leaves-with-smoked-salmon-and-cheats-blinis
"

          Spicy Thai prawn noodles        
",/recipes/1112636/spicy-thai-prawn-noodles
"

          Cassata Siciliana        
",/recipes/3338/cassata-siciliana
"

          Pan-fried venison with sloe gin & plum sauce        
",/recipes/pan-fried-venison-sloe-gin-plum-sauce
"

          Juniper-glazed sprouts        
",/recipes/8640/juniperglazed-sprouts
"

          Cod & tomato tray bake        
",/recipes/1841665/cod-and-tomato-tray-bake
"

          Crab noodle salad        
",/recipe/crab-noodle-salad
"

          Prosciutto & celeriac twists        
",/recipes/12540/prosciutto-and-celeriac-twists
"

          Braised white beans        
",/recipes/13364/braised-white-beans
"

          Cheesy ham & broccoli pasta        
",/recipes/cheesy-ham-broccoli-pasta
"

          Indian bread with courgettes & coriander        
",/recipes/1695/indian-bread-with-courgettes-and-coriander
"

          Butternut & broccoli super salad with mackerel        
",/recipes/2121660/butternut-and-broccoli-super-salad-with-mackerel
"

          Spiced vegetable biryani        
",/recipes/1397/spiced-vegetable-biryani
"

          Zingy radish salad        
",/recipes/1583643/zingy-radish-salad
"

          Spring vegetable noodles        
",/recipes/1245/spring-vegetable-noodles
"

          DIY kofta burgers        
",/recipes/7736/diy-kofta-burgers
"

          Fried rice with egg & ginger        
",/recipes/1805661/fried-rice-with-egg-and-ginger
"

          Bean, chickpea & feta salad        
",/recipes/665635/bean-chickpea-and-feta-salad
"

          Fragrant fish tagine        
",/recipes/1511713/fragrant-fish-tagine
"

          Funfetti cake        
",/recipes/funfetti-cake
"

          Mozzarella, ham & pesto pizzas        
",/recipes/2970/mozzarella-ham-and-pesto-pizzas
"

          Simply stunning chocolate fridge cake        
",/recipes/simply-stunning-chocolate-fridge-cake
"

          Chilaquiles in mulato chilli sauce        
",/recipes/662635/chilaquiles-in-mulato-chilli-sauce
"

          Puy lentil salad with soy beans, sugar snap peas & broccoli        
",/recipes/11636/puy-lentil-salad-with-soy-beans-sugar-snap-peas-an
"

          Pistachio meringues with mango & mandarin ice cream        
",/recipes/1388/pistachio-meringues-with-mango-and-mandarin-ice-cr
"

          Santa's mince pie diamonds        
",/recipes/5054/santas-mince-pie-diamonds
"

          Smoky aubergine tagine with lemon & apricots        
",/recipes/smoky-aubergine-tagine-lemon-apricots
"

          Crostini of artichokes & chives        
",/recipes/1299657/crostini-of-artichokes-and-chives
"

          Lime possets with raspberries        
",/recipes/644643/lime-possets-with-raspberries
"

          Noodle broth with Thai flavours        
",/recipes/3094687/noodle-broth-with-thai-flavours
"

          Carrot & houmous roll-ups        
",/recipes/1377639/carrot-and-houmous-rollups
"

          Lamb & potato kebabs with minty broad beans        
",/recipes/2121665/lamb-and-potato-kebabs-with-minty-broad-beans
"

          Spiced Singapore noodles with cauliflower, chicken & prawns        
",/recipes/spiced-singapore-noodles-cauliflower-chicken-prawns
"

          Superhealthy salmon salad        
",/recipes/7205/superhealthy-salmon-salad
"

          Cheese & bacon scone pizza        
",/recipes/8782/cheese-and-bacon-scone-pizza
"

          Cock-a-leekie soup        
",/recipes/2875665/cockaleekie-soup
"

          Italian stuffed courgettes        
",/recipes/2141644/italian-stuffed-courgettes
"

          Weeping tiger steaks        
",/recipe/weeping-tiger-steaks
"

          Garlic mushrooms on toast        
",/recipes/1651636/garlic-mushrooms-on-toast
"

          Strawberry rose Eton mess        
",/recipes/531668/strawberry-rose-eton-mess
"

          Squished tomato pasta sauce        
",/recipes/681650/squished-tomato-pasta-sauce
"

          Cheesy bean burgers        
",/recipes/586647/cheesy-bean-burgers
"

          Simple roast radishes        
",/recipes/simple-roast-radishes
"

          Lentil kofta with orzo & feta        
",/recipes/lentil-kofta-orzo-feta
"

          Fennel Dauphinoise        
",/recipes/fennel-dauphinoise
"

          Mustard Yorkies        
",/recipes/mustard-yorkies
"

          Prawn, chickpea & parsley salad        
",/recipes/2534652/prawn-chickpea-and-parsley-salad
"

          Rabbit au vin        
",/recipes/rabbit-au-vin
"

          Wild mushroom & Parmesan vol-au-vent filling        
",/recipes/2219654/wild-mushroom-and-parmesan-volauvent-filling
"

          Dorset sausage pasties        
",/recipes/1089/dorset-sausage-pasties
"

          Brioche French toast with bacon, banana & maple syrup        
",/recipes/brioche-french-toast-bacon-banana-maple-syrup
"

          Mini brochettes with spicy Thai dip        
",/recipes/1620/mini-brochettes-with-spicy-thai-dip
"

          Caramelised onion tortilla        
",/recipes/2138661/caramelised-onion-tortilla
"

          Sweet lemon & goat's cheese tart        
",/recipes/2081/sweet-lemon-and-goats-cheese-tart
"

          Speedy ginger ice cream with chilli-chocolate sauce        
",/recipes/1660657/speedy-ginger-ice-cream-with-chillichocolate-sauce
"

          British onion soup        
",/recipes/4843/british-onion-soup
"

          Buffalo wings with blue cheese dip        
",/recipes/335616/buffalo-wings-with-blue-cheese-dip
"

          Silly twits ice cream        
",/recipes/1376633/silly-twits-ice-cream
"

          Prawn & sweetcorn fritters        
",/recipes/1165634/prawn-and-sweetcorn-fritters
"

          Roly-poly bread & butter pud        
",/recipes/784633/rolypoly-bread-and-butter-pud
"

          Green tea frozen yogurt with sesame brittle shards        
",/recipes/2885662/green-tea-frozen-yogurt-with-sesame-brittle-shards
"

          Full English frittata with smoky beans        
",/recipes/1898642/full-english-frittata-with-smoky-beans
"

          Douze-pointe pies        
",/recipes/3094678/douzepointe-pies
"

          Cheese & jalapeno bites with salsa & mojitos        
",/recipes/13359/cheese-and-jalapeno-bites-with-salsa-and-mojitos
"

          Grilled corn with jerk butter        
",/recipes/grilled-corn-jerk-butter
"

          Summer fruits jam        
",/recipes/518628/summer-fruits-jam
"

          Ricotta & basil pizza bread        
",/recipes/9068/ricotta-and-basil-pizza-bread
"

          Classic vanilla ice cream        
",/recipes/7044/classic-vanilla-ice-cream
"

          Mini baked Alaskas with boozy cherry centres        
",/recipes/8642/mini-baked-alaskas-with-boozy-cherry-centres
"

          Leek, cheese & bacon tart        
",/recipes/12746/leek-cheese-and-bacon-tart
"

          Smoked salmon rotollos         
",/recipes/2681/smoked-salmon-rotollos-
"

          Corn, cheese & chilli empanadas        
",/recipes/644641/corn-cheese-and-chilli-empanadas
"

          Scrumptious strawberry pavlova        
",/recipes/2302/scrumptious-strawberry-pavlova
"

          Flat apple & vanilla tart        
",/recipes/2337/flat-apple-and-vanilla-tart
"

          Chicken with sweet wine & garlic        
",/recipes/1120667/chicken-with-sweet-wine-and-garlic
"

          Wok-fried duck & oyster sauce        
",/recipes/1113/wokfried-duck-and-oyster-sauce
"

          Asian aubergine & pork hotpot        
",/recipes/4679/asian-aubergine-and-pork-hotpot
"

          Spaghetti with chilli prawns, salami & gremolata breadcrumbs        
",/recipes/spaghetti-chilli-prawns-salami-gremolata-breadcrumbs
"

          Fragrant Thai prawns        
",/recipes/1286/fragrant-thai-prawns
"

          Lavender sugar        
",/recipes/474628/lavender-sugar
"

          Jerk chicken        
",/recipes/jerk-chicken
"

          Spicy chicken nasi goreng        
",/recipes/3018688/spicy-chicken-nasi-goreng
"

          Moroccan spiced pie        
",/recipes/2295/moroccan-spiced-pie
"

          Coconut lime pie        
",/recipes/coconut-lime-pie
"

          Nutty watercress pesto        
",/recipes/nutty-watercress-pesto
"

          Creamy lemon & cabbage pasta with garlic crumbs        
",/recipes/1813668/creamy-lemon-and-cabbage-pasta-with-garlic-crumbs
"

          Summer vegetable minestrone        
",/recipes/2195646/summer-vegetable-minestrone
"

          Rosemary & olive drop scones with goat's cheese        
",/recipes/3187/rosemary-and-olive-drop-scones-with-goats-cheese
"

          Slow-cooked tomatoes        
",/recipes/2455/slowcooked-tomatoes
"

          Stir-fried sprouts with green beans, lemon & pine nuts        
",/recipes/995644/stirfried-sprouts-with-green-beans-lemon-and-pine-
"

          Wild rabbit slow cooked with rosemary, olive oil & garlic        
",/recipes/13392/wild-rabbit-slow-cooked-with-rosemary-olive-oil-an
"

          Turkey meatball Caesar salad        
",/recipes/turkey-meatball-caesar-salad
"

          Peach sangria        
",/recipes/2677/peach-sangria
"

          Asparagus with dipping sauces        
",/recipes/461676/asparagus-with-dipping-sauces
"

          Meatballs with fennel & balsamic beans & courgette noodles        
",/recipes/meatballs-fennel-balsamic-beans-courgette-noodles
"

          Raspberry Champagne cocktail        
",/recipes/2894/raspberry-champagne-cocktail
"

          Garlic bread toasts        
",/recipes/10608/garlic-bread-toasts
"

          Smoky bean, bacon & eggy bread bake        
",/recipes/2066648/smoky-bean-bacon-and-eggy-bread-bake
"

          Quick mushrooms, aubergines & peppers         
",/recipes/2167/quick-mushrooms-aubergines-and-peppers-
"

          Dukkah-crusted aubergine steaks        
",/recipes/dukkah-crusted-aubergine-steaks
"

          Caramelised pineapple compotes        
",/recipes/2705/caramelised-pineapple-compotes
"

          Grilled tuna with parsley salad        
",/recipes/4760/grilled-tuna-with-parsley-salad
"

          Garden vegetable & goat's cheese quiche        
",/recipes/3046/garden-vegetable-and-goats-cheese-quiche
"

          Mojito        
",/recipes/mojito
"

          Sticky ginger pear pudding        
",/recipes/8786/sticky-ginger-pear-pudding
"

          Tofu & asparagus pad Thai        
",/recipes/1262640/tofu-and-asparagus-pad-thai
"

          Potato & avocado salad        
",/recipes/2488/potato-and-avocado-salad
"

          Vanilla party cake        
",/recipes/vanilla-party-cake
"

          Amalfi-style prawns        
",/recipes/10992/amalfistyle-prawns
"

          Pea risotto        
",/recipes/461675/pea-risotto
"

          Potato & chorizo pizza breads with peppery tomato salad        
",/recipes/12141/potato-and-chorizo-pizza-breads-with-peppery-tomat
"

          Toasted coconut rice        
",/recipes/toasted-coconut-rice
"

          Charred Baby Gem, watercress & bacon salad        
",/recipes/charred-baby-gem-watercress-bacon-salad
"

          Super-quick Indian rice        
",/recipes/1263679/superquick-indian-rice
"

          Feta & pepper tortilla        
",/recipes/2007/feta-and-pepper-tortilla
"

          Mango basil mousse with passion fruit         
",/recipes/2470/mango-basil-mousse-with-passion-fruit-
"

          White chocolate berry cheesecake        
",/recipes/11289/white-chocolate-berry-cheesecake
"

          Creamy yogurt porridge with banana, blueberry & almond topping        
",/recipes/creamy-yogurt-porridge-banana-blueberry-almond-topping
"

          Pork & fennel burgers with fennel slaw        
",/recipes/1568641/pork-and-fennel-burgers-with-fennel-slaw
"

          Moroccan lamb with apricots, almonds & mint        
",/recipes/3256/moroccan-lamb-with-apricots-almonds-and-mint
"

          Seared scallops with flavoured greens        
",/recipes/1660661/seared-scallops-with-flavoured-greens
"

          Roast fish & chips with orange raita        
",/recipes/3283/roast-fish-and-chips-with-orange-raita
"

          Sausages with braised cabbage & caraway        
",/recipes/sausages-braised-cabbage-caraway
"

          Sausage roll-ups        
",/recipes/2066651/sausage-rollups
"

          Hanukkah biscuits        
",/recipes/1788637/hanukkah-biscuits
"

          Rosemary & balsamic chicken with roast onions        
",/recipes/5928/rosemary-and-balsamic-chicken-with-roast-onions
"

          Mediterranean potato salad        
",/recipes/mediterranean-potato-salad
"

          Pork with braised red cabbage & pears        
",/recipes/8050/pork-with-braised-red-cabbage-and-pears
"

          Moroccan aubergine & chickpea salad        
",/recipes/2940/moroccan-aubergine-and-chickpea-salad
"

          Simmer-&-stir Christmas cake        
",/recipes/1160/simmerandstir-christmas-cake
"

          Spring onion quesadillas with guacamole salad        
",/recipes/spring-onion-quesadillas-guacamole-salad
"

          Tangy chicken breasts        
",/recipes/3180/tangy-chicken-breasts
"

          Mince pies        
",/recipes/1813664/mince-pies
"

          Summer berry jam        
",/recipes/711653/summer-berry-jam
"

          Lamb cutlets with pistachio & herb dressing        
",/recipe/lamb-cutlets-pistachio-herb-dressing
"

          Fish pie with saffron mash        
",/recipes/4973/fish-pie-with-saffron-mash
"

          Broccoli with chilli & crispy garlic        
",/recipes/74607/broccoli-with-chilli-and-crispy-garlic
"

          Chicken with braised celery & cider        
",/recipes/2824/chicken-with-braised-celery-and-cider
"

          Sausage & broccoli carbonara        
",/recipes/2195658/sausage-and-broccoli-carbonara
"

          Buttered leeks        
",/recipes/1676/buttered-leeks
"

          Potato & feta bake with radish slaw        
",/recipes/potato-feta-bake-radish-slaw
"

          Hot cross bun bacon butties        
",/recipes/hot-cross-bun-bacon-butties
"

          Full English frittata        
",/recipes/164626/full-english-frittata
"

          Herby celery & bulghar salad        
",/recipes/2530637/herby-celery-and-bulghar-salad
"

          Honey nut ricotta with strawberries        
",/recipes/2319/honey-nut-ricotta-with-strawberries
"

          Mini muffin pizzas        
",/recipes/1076/mini-muffin-pizzas
"

          Cajun rice with chorizo meatballs & fried eggs        
",/recipes/cajun-rice-chorizo-meatballs-fried-eggs
"

          Bacon, tomato & broccoli pasta        
",/recipes/bacon-tomato-broccoli-pasta
"

          Apricot brioche        
",/recipes/2068/apricot-brioche
"

          Cookies & cream party cake        
",/recipes/cookies-cream-party-cake
"

          Sweetheart choc & hazelnut sandwiches        
",/recipes/2892670/sweetheart-choc-and-hazelnut-sandwiches
"

          Gingerbread cookie cottage        
",/recipes/2576/gingerbread-cookie-cottage
"

          Rhubarb, pear & hazelnut crumbles        
",/recipes/2063654/rhubarb-pear-and-hazelnut-crumbles
"

          Houmous & avocado sandwich topper        
",/recipes/houmous-avocado-sandwich-topper
"

          Olive oil-baked potatoes        
",/recipes/2559/olive-oilbaked-potatoes
"

          Cold weather hotpot        
",/recipes/1702/cold-weather-hotpot
"

          More veg, less meat summer Bolognese        
",/recipes/2320653/more-veg-less-meat-summer-bolognese
"

          Ultimate lemon meringue pie        
",/recipes/3482/ultimate-lemon-meringue-pie
"

          Summer berry & lime jellies        
",/recipes/765636/summer-berry-and-lime-jellies
"

          Warm artichoke, blood orange & feta salad        
",/recipes/warm-artichoke-blood-orange-feta-salad-0
"

          Pear & cardamom tart        
",/recipes/1758664/pear-and-cardamom-tart
"

          Thai beef & broccoli noodle bowl        
",/recipes/thai-beef-broccoli-noodle-bowl
"

          Apricot, cinnamon & olive oil cake        
",/recipes/apricot-cinnamon-olive-oil-cake
"

          Saffron wild rice        
",/recipes/2087/saffron-wild-rice
"

          Spiced fruit & pistachio bread wreath        
",/recipes/spiced-fruit-pistachio-bread-wreath
"

          Orange & rhubarb amaretti pots        
",/recipes/orange-rhubarb-amaretti-pots
"

          Fennel, broad bean & blue cheese salad        
",/recipes/2091/fennel-broad-bean-and-blue-cheese-salad
"

          Prawn & crab cocktail lettuce cups        
",/recipes/prawn-crab-cocktail-lettuce-cups
"

          Orange-stuffed Christmas duck        
",/recipes/orange-stuffed-christmas-duck
"

          Sara's chilli con carne        
",/recipes/3444/saras-chilli-con-carne
"

          Cherry scones        
",/recipes/1162675/cherry-scones
"

          Lighter lemon drizzle cake        
",/recipes/1973654/lighter-lemon-drizzle-cake
"

          Rich raspberry chocolate mousse cake        
",/recipes/2988683/rich-raspberry-chocolate-mousse-cake
"

          Caramelised apple cake with streusel topping        
",/recipes/12842/caramelised-apple-cake-with-streusel-topping
"

          Syrupy plums with pistachio meringues        
",/recipes/784636/syrupy-plums-with-pistachio-meringues
"

          Cheddar & sweetcorn scones        
",/recipes/749706/cheddar-and-sweetcorn-scones
"

          Crisp orange shortbread        
",/recipes/2012/crisp-orange-shortbread
"

          Chicken noodles with black bean sauce         
",/recipes/1918/chicken-noodles-with-black-bean-sauce-
"

          Lemon & orange cake        
",/recipes/1162651/lemon-and-orange-cake
"

          Cottage pie bake        
",/recipes/1853648/cottage-pie-bake
"

          Jolly marshmallow snowmen        
",/recipes/jolly-snowmen
"

          Crab, lime & chilli toasts        
",/recipes/1580647/crab-lime-and-chilli-toasts
"

          Caramel & whisky sauce        
",/recipes/1803649/caramel-and-whisky-sauce
"

          Bois boudrin        
",/recipes/2513/bois-boudrin
"

          Stir fry of green peas with grilled salmon        
",/recipes/1280/stir-fry-of-green-peas-with-grilled-salmon
"

          Spinach & sweet potato tortilla        
",/recipes/spinach-sweet-potato-tortilla
"

          Orange blossom & rose pudding        
",/recipes/orange-blossom-rose-pudding
"

          The ultimate makeover: Chocolate mousse        
",/recipes/473630/the-ultimate-makeover-chocolate-mousse
"

          Crispy honey buffalo wings with blue cheese & celery slaw        
",/recipes/2955685/crispy-honey-buffalo-wings-with-blue-cheese-and-ce
"

          Smoked salmon & avocado terrines        
",/recipes/8359/smoked-salmon-and-avocado-terrines
"

          Funny face cookies        
",/recipes/funny-face-cookies
"

          Creamy gnocchi with smoked trout & dill        
",/recipes/creamy-gnocchi-smoked-trout-dill
"

          Beef & bean chilli bowl with chipotle yogurt        
",/recipes/beef-bean-chilli-bowl-chipotle-yogurt
"

          Watermelon & feta salad with crispbread        
",/recipes/11600/watermelon-and-feta-salad-with-crispbread
"

          Preserved lemon roast chicken with freekeh salad        
",/recipes/preserved-lemon-roast-chicken-freekeh-salad
"

          French onion soup        
",/recipes/3020694/french-onion-soup
"

          Lamb with buckwheat noodles & tomato dressing        
",/recipes/lamb-buckwheat-noodles-tomato-dressing
"

          Monkey bread        
",/recipes/monkey-bread
"

          Herby apricot quinoa        
",/recipes/453628/herby-apricot-quinoa
"

          Soy tuna with wasabi mash        
",/recipes/5154/soy-tuna-with-wasabi-mash
"

          Star anise biscuits        
",/recipes/10212/star-anise-biscuits
"

          Rosie's roast chicken        
",/recipes/rosies-roast-chicken
"

          Slow-roast pork shoulder        
",/recipes/slow-roast-pork-shoulder
"

          Raspberry, white chocolate & pistachio profiteroles        
",/recipes/2536663/raspberry-white-chocolate-and-pistachio-profiterol
"

          Fish dogs with lemony fennel slaw        
",/recipes/3159679/fish-dogs-with-lemony-fennel-slaw
"

          The ultimate makeover: Chicken Caesar salad        
",/recipes/6296/the-ultimate-makeover-chicken-caesar-salad
"

          Red cabbage slaw with griddled chicken        
",/recipes/2803/red-cabbage-slaw-with-griddled-chicken
"

          Spinach & ricotta rotolo        
",/recipes/spinach-ricotta-rotolo
"

          Russian chicken & mushroom pies with soured cream & dill        
",/recipes/67612/russian-chicken-and-mushroom-pies-with-soured-crea
"

          Easiest ever lasagne        
",/recipes/3280/easiest-ever-lasagne
"

          White chocolate cheesecake with rhubarb compote        
",/recipes/3435/white-chocolate-cheesecake-with-rhubarb-compote
"

          Sausage, bean & bacon bake        
",/recipes/sausage-bean-bacon-bake
"

          Tomato & saffron tart         
",/recipes/2280/tomato-and-saffron-tart-
"

          Lemon & thyme baby carrots        
",/recipes/lemon-thyme-baby-carrots
"

          Peppermint lollipops        
",/recipes/502634/peppermint-lollipops
"

          Ultimate onion rings with bacon mayo        
",/recipes/ultimate-onion-rings-bacon-mayo
"

          Greek chickpea salad with melting feta        
",/recipes/greek-chickpea-salad-melting-feta
"

          Crab, avocado & herby hollandaise tarts        
",/recipes/3048/crab-avocado-and-herby-hollandaise-tarts
"

          Crushed olive oil potatoes        
",/recipes/2756/crushed-olive-oil-potatoes
"

          Fragrant lamb flatbreads        
",/recipes/5989/fragrant-lamb-flatbreads
"

          Blood orange tart        
",/recipes/blood-orange-tart
"

          Vodka & cranberry blush        
",/recipes/11234/vodka-and-cranberry-blush
"

          Broccoli & potato croquettes        
",/recipes/broccoli-potato-croquettes
"

          Cherry, almond & lemon mascarpone tart        
",/recipes/1511708/cherry-almond-and-lemon-mascarpone-tart
"

          Harissa lamb & pepper kebabs        
",/recipes/453618/harissa-lamb-and-pepper-kebabs
"

          Lemon chicken with fruity olive couscous        
",/recipes/1897682/lemon-chicken-with-fruity-olive-couscous
"

          Raspberry ripple pavlova        
",/recipes/3224/raspberry-ripple-pavlova
"

          Prawn risotto        
",/recipes/2294/prawn-risotto
"

          Steamed fish & pak choi parcels        
",/recipes/1120673/steamed-fish-and-pak-choi-parcels
"

          Bangers & beans in a pan        
",/recipes/1275/bangers-and-beans-in-a-pan
"

          Spicy prawn cakes        
",/recipes/2444/spicy-prawn-cakes
"

          Gammon with pineapple salsa        
",/recipes/1922/gammon-with-pineapple-salsa
"

          Double chocolate shortbread fingers        
",/recipes/double-chocolate-shortbread-fingers
"

          Little mince pie cakes        
",/recipes/2795/little-mince-pie-cakes
"

          Welsh goat's cheese & leek tart        
",/recipes/3445/welsh-goats-cheese-and-leek-tart
"

          Cake of kings        
",/recipes/1926/cake-of-kings
"

          Halloumi & pepper kebabs with lemony cabbage salad        
",/recipe/halloumi-pepper-kebabs-lemony-cabbage-salad
"

          Cherry pecan Christmas pudding        
",/recipes/cherry-pecan-christmas-pudding
"

          Isaac's chocolate coconut squares        
",/recipes/2046/isaacs-chocolate-coconut-squares
"

          Apple crumble & custard cupcakes        
",/recipes/apple-crumble-custard-cupcakes
"

          Pan-fried sea bass with ratatouille & basil        
",/recipes/pan-fried-sea-bass-ratatouille-basil
"

          Robert Carrier's Moroccan harira        
",/recipes/1730/robert-carriers-moroccan-harira
"

          Open turkey BLT        
",/recipes/1946/open-turkey-blt
"

          Lemon & rosemary pork with chickpea salad        
",/recipes/588638/lemon-and-rosemary-pork-with-chickpea-salad
"

          Runner beans with bacon & hazelnuts        
",/recipes/2487/runner-beans-with-bacon-and-hazelnuts
"

          Crisp honey mustard parsnips        
",/recipes/74610/crisp-honey-mustard-parsnips
"

          Mexican potatoes        
",/recipes/415615/mexican-potatoes
"

          Spicy seed mix         
",/recipes/1940683/spicy-seed-mix-
"

          Ginger sweet tofu with pak choi        
",/recipes/412629/ginger-sweet-tofu-with-pak-choi
"

          Beany burgers with basil tzatziki        
",/recipes/2535/beany-burgers-with-basil-tzatziki
"

          Mild chilli & bean pasta bake        
",/recipes/1548/mild-chilli-and-bean-pasta-bake
"

          Spicy vegetable pilau with cucumber raita        
",/recipes/spicy-vegetable-pilau-cucumber-raita
"

          English mustard sauce        
",/recipes/3087684/english-mustard-sauce
"

          Fish fingers & mushy peas        
",/recipes/2411638/fish-fingers-and-mushy-peas
"

          Tia Maria cheesecake        
",/recipes/3419/tia-maria-cheesecake
"

          Brandy syrup cream        
",/recipes/brandy-syrup-cream
"

          New potatoes with cornichons & cream        
",/recipes/1135654/new-potatoes-with-cornichons-and-cream
"

          Buttermilk roasted poussin with rosemary polenta chips        
",/recipes/buttermilk-roasted-poussin-rosemary-polenta-chips
"

          Chickpea & roasted veg tagine        
",/recipes/461629/chickpea-and-roasted-veg-tagine
"

          No-cook goat's cheese pizza        
",/recipes/3144/nocook-goats-cheese-pizza
"

          Fish with spiced lentils        
",/recipes/2916/fish-with-spiced-lentils
"

          Sweet & sour ribs with pomegranate salsa        
",/recipes/2872684/sweet-and-sour-ribs-with-pomegranate-salsa
"

          Whip-round-the-fridge rice        
",/recipes/12759/whiproundthefridge-rice
"

          Gigantes plaki        
",/recipes/12229/gigantes-plaki
"

          Fruit & spice soda bread        
",/recipes/1977666/fruit-and-spice-soda-bread
"

          Lentil & cauliflower curry        
",/recipes/lentil-cauliflower-curry
"

          Jaffa sorbet        
",/recipes/1408/jaffa-sorbet
"

          Sticky sausage wraps        
",/recipes/2269/sticky-sausage-wraps
"

          Poached beef fillet with watercress & walnut salad        
",/recipes/2112/poached-beef-fillet-with-watercress-and-walnut-sal
"

          Swedish-style sausage meatballs        
",/recipes/swedish-style-sausage-meatballs
"

          Salmon & crisp prosciutto salad        
",/recipes/2426/salmon-and-crisp-prosciutto-salad
"

          Cherry Bakewell cake        
",/recipes/9074/cherry-bakewell-cake
"

          Melon & Campari cooler        
",/recipes/1633/melon-and-campari-cooler
"

          Giant butter bean stew        
",/recipes/giant-butter-bean-stew
"

          Roast carrot & bean salad with feta        
",/recipes/6615/roast-carrot-and-bean-salad-with-feta
"

          Tropical Pavlova        
",/recipes/10658/tropical-pavlova
"

          Braised beef in honey & soy        
",/recipes/786680/braised-beef-in-honey-and-soy
"

          Olive bread swirls        
",/recipes/10977/olive-bread-swirls
"

          Orange & raspberry granola        
",/recipes/orange-raspberry-granola
"

          Glazed honey & mustard sausages        
",/recipes/2672/glazed-honey-and-mustard-sausages
"

          Ultimate spaghetti carbonara        
",/recipes/1052/ultimate-spaghetti-carbonara
"

          Chilled pea soup with frozen mint & malt vinegar        
",/recipes/chilled-pea-soup-frozen-mint-malt-vinegar
"

          Sunken drunken chocolate cake        
",/recipes/2053648/sunken-drunken-chocolate-cake
"

          Squashed herby potatoes        
",/recipes/1248/squashed-herby-potatoes
"

          Pan-fried salmon with watercress, polenta croutons & capers        
",/recipes/1135653/panfried-salmon-with-watercress-polenta-croutons-a
"

          Cheese & watercress scramble        
",/recipes/2744/cheese-and-watercress-scramble
"

          Vegan rhubarb & custard bake        
",/recipes/vegan-rhubarb-custard-bake
"

          Lemon chicken with tarragon dressing        
",/recipes/6495/lemon-chicken-with-tarragon-dressing
"

          Sweet potato, spring onion & feta salad        
",/recipes/3028676/sweet-potato-spring-onion-and-feta-salad
"

          Asian pork with rice noodle salad        
",/recipes/4835/asian-pork-with-rice-noodle-salad
"

          Shredded greens salad        
",/recipes/2835670/shredded-greens-salad
"

          Charred sweetcorn salsa        
",/recipes/charred-sweetcorn-salsa
"

          Pomegranate mojito mocktail        
",/recipes/pomegranate-mojito-mocktail
"

          Lemon quark cheesecake        
",/recipes/285604/lemon-quark-cheesecake
"

          Chocolate caramel cake        
",/recipes/11587/chocolate-caramel-cake
"

          Wild garlic butter on music paper bread        
",/recipes/wild-garlic-butter-music-paper-bread
"

          Pickled beetroot        
",/recipes/pickled-beetroot
"

          Honey Glazed Chicken        
",/recipes/3109/honey-glazed-chicken
"

          Chocolate drizzle & truffle torte        
",/recipes/1876/chocolate-drizzle-and-truffle-torte
"

          Chicken & mushroom spud pies        
",/recipes/7699/chicken-and-mushroom-spud-pies
"

          Let-it-glow Christmas cake        
",/recipes/let-it-glow-christmas-cake
"

          Caramel apple loaf cake        
",/recipes/251615/caramel-apple-loaf-cake
"

          Rainbow rolls        
",/recipes/2540636/rainbow-rolls
"

          Tandoori lamb skewers with crunchy slaw & raita        
",/recipes/988634/tandoori-lamb-skewers-with-crunchy-slaw-and-raita
"

          30-minute braised chicken        
",/recipes/1114/30minute-braised-chicken
"

          Cheesy omelette burgers        
",/recipes/cheesy-omelette-burgers
"

          Marmite carbonnade        
",/recipes/10195/marmite-carbonnade
"

          Creamy spring soup with goat's cheese & prosciutto toasts        
",/recipes/creamy-spring-soup-goats-cheese-prosciutto-toasts
"

          Chocolate & ginger torte        
",/recipes/1091644/chocolate-and-ginger-torte
"

          Peppermint candy cane Battenberg        
",/recipes/peppermint-candy-cane-battenberg
"

          American blueberry pancakes        
",/recipes/4915/american-blueberry-pancakes
"

          Hasselback potato gratin        
",/recipes/2744679/hasselback-potato-gratin
"

          Crispy cheese & guacamole tortillas        
",/recipes/1506643/crispy-cheese-and-guacamole-tortillas
"

          Sweet chilli jam        
",/recipes/8257/sweet-chilli-jam
"

          Guinea fowl tagine with chickpeas, squash & apricots        
",/recipes/2875669/guinea-fowl-tagine-with-chickpeas-squash-and-apric
"

          Cheesy hot cross buns        
",/recipes/cheesy-hot-cross-buns
"

          Skirlie mash        
",/recipes/1933/skirlie-mash
"

          Watermelon, prawn & avocado salad        
",/recipes/681659/watermelon-prawn-and-avocado-salad
"

          Walnut & Stilton orzotto with roasted squash & Port sauce        
",/recipes/886636/walnut-and-stilton-orzotto-with-roasted-squash-and
"

          Fresh tuna tortillas        
",/recipes/4727/fresh-tuna-tortillas
"

          Ken Hom's stir-fried chicken with chillies & basil        
",/recipes/1424/ken-homs-stirfried-chicken-with-chillies-and-basil
"

          Individual rhubarb ripple Pavlovas        
",/recipes/individual-rhubarb-ripple-pavlovas
"

          Chicken & new potato traybake        
",/recipes/chicken-new-potato-traybake
"

          Yellow lentil & coconut curry with cauliflower        
",/recipes/1841637/yellow-lentil-and-coconut-curry-with-cauliflower
"

          Chicken & chickpea salad with curry yogurt dressing        
",/recipes/2364636/chicken-and-chickpea-salad-with-curry-yogurt-dress
"

          Open chicken Caesar sandwich        
",/recipes/4715/open-chicken-caesar-sandwich
"

          Chicken & white bean stew        
",/recipes/9021/chicken-and-white-bean-stew
"

          Pear & dried apricot chutney        
",/recipes/2645/pear-and-dried-apricot-chutney
"

          Crunchy spiced plums        
",/recipes/4697/crunchy-spiced-plums
"

          Minty pea & potato soup        
",/recipes/7717/minty-pea-and-potato-soup
"

          Gingered chicken patties        
",/recipes/2195648/gingered-chicken-patties
"

          Broccoli & Stilton soup        
",/recipes/1940679/broccoli-and-stilton-soup
"

          Steamed bass with pak choi        
",/recipes/2483/steamed-bass-with-pak-choi
"

          Almond-crusted fish with saffron sauce        
",/recipes/1653/almondcrusted-fish-with-saffron-sauce
"

          Lighter breakfast Knickerbocker Glory        
",/recipes/lighter-breakfast-knickerbocker-glory
"

          Mango chicken, bean & rice bake        
",/recipes/2982679/mango-chicken-bean-and-rice-bake
"

          Lamb souvlaki skewers        
",/recipes/10985/lamb-souvlaki-skewers
"

          Dukkah-crusted squash wedges        
",/recipes/dukkah-crusted-squash-wedges
"

          Leek, cheddar & bacon loaf sandwich        
",/recipes/2540640/leek-cheddar-and-bacon-loaf-sandwich
"

          Tuna melt pizza baguettes        
",/recipes/1508659/tuna-melt-pizza-baguettes
"

          Blackberry & apple Yorkshire puddings        
",/recipes/4681/blackberry-and-apple-yorkshire-puddings
"

          Butternut ricotta tart with fiery rocket salad        
",/recipes/butternut-ricotta-tart-fiery-rocket-salad
"

          Almond & apricot trifles        
",/recipes/1581641/almond-and-apricot-trifles
"

          Smoked trout & pea pasta        
",/recipes/4779/smoked-trout-and-pea-pasta
"

          Smoked mackerel loaded leaves        
",/recipes/8859/smoked-mackerel-loaded-leaves
"

          Lentil, carrot & ham salad        
",/recipes/2608636/lentil-carrot-and-ham-salad
"

          Dad's minute steak with golden onions        
",/recipes/2313/dads-minute-steak-with-golden-onions
"

          Deluxe hot chocolate with marshmallows        
",/recipes/1092/deluxe-hot-chocolate-with-marshmallows
"

          Oven-baked egg & chips        
",/recipes/313611/ovenbaked-egg-and-chips
"

          Speedy nachos        
",/recipes/2237/speedy-nachos
"

          Hot passion pina coladas        
",/recipes/3126/hot-passion-pina-coladas
"

          Flash-fried prawns with chilli, lemon & parsley        
",/recipes/2138656/flashfried-prawns-with-chilli-lemon-and-parsley
"

          Chorizo & cabbage stew        
",/recipes/chorizo-cabbage-stew
"

          Champ        
",/recipes/1665/champ
"

          Sticky sultana pudding        
",/recipes/2040644/sticky-sultana-pudding
"

          Fig, nut & seed bread with ricotta & fruit        
",/recipes/fig-nut-seed-bread-ricotta-fruit
"

          Hot pastrami bagels        
",/recipes/1852/hot-pastrami-bagels
"

          Spice-crusted chicken with Asian slaw        
",/recipes/2256636/spicecrusted-chicken-with-asian-slaw
"

          Cream of wild mushroom soup        
",/recipes/4756/cream-of-wild-mushroom-soup
"

          Little almond cookies        
",/recipes/73616/little-almond-cookies
"

          Stir-fried noodles        
",/recipes/2975/stirfried-noodles
"

          Curried fish tacos with bean salad        
",/recipes/5867/curried-fish-tacos-with-bean-salad
"

          Plum crumble cake        
",/recipes/plum-crumble-cake
"

          Cranberry sauce        
",/recipes/2728/cranberry-sauce
"

          Beef & pickle pasties        
",/recipes/2552645/beef-and-pickle-pasties
"

          Squash & nigella seed soup        
",/recipes/8200/squash-and-nigella-seed-soup
"

          Raw coconut truffles        
",/recipes/raw-coconut-truffles
"

          Summer steak subs        
",/recipes/2554/summer-steak-subs
"

          Yule slice        
",/recipes/4930/yule-slice
"

          Hot cross bread & lemon pudding        
",/recipes/2068642/hot-cross-bread-and-lemon-pudding
"

          Beetroot soup with feta, radish & croutons        
",/recipes/beetroot-soup-feta-radish-croutons
"

          Fresh herb sauce        
",/recipes/1799641/fresh-herb-sauce
"

          Nougat iced bombes        
",/recipes/5058/nougat-iced-bombes
"

          Tangy roast pepper & walnut dip        
",/recipes/7988/tangy-roast-pepper-and-walnut-dip
"

          Lamb kebabs with fennel & cucumber slaw        
",/recipes/4842/lamb-kebabs-with-fennel-and-cucumber-slaw
"

          Citrus & ginger steamed fish with stir-fry veg        
",/recipes/citrus-ginger-steamed-fish-stir-fry-veg
"

          Late night pepperoni & pea rice        
",/recipes/1483/late-night-pepperoni-and-pea-rice
"

          Wholewheat pasta with broccoli & almonds        
",/recipes/2853674/wholewheat-pasta-with-broccoli-and-almonds
"

          Red onion & Indian-spiced houmous        
",/recipes/1263688/red-onion-and-indianspiced-houmous
"

          Carrot & sesame burgers        
",/recipes/11011/carrot-and-sesame-burgers
"

          Mini chicken fajitas        
",/recipes/mini-chicken-fajitas
"

          Crispy potato skins with creamy chive dip        
",/recipes/2673/crispy-potato-skins-with-creamy-chive-dip
"

          Golden stuffed goose        
",/recipes/2298/golden-stuffed-goose
"

          Creamed spinach        
",/recipes/74604/creamed-spinach
"

          Tangy turkey sloppy joes with celeriac slaw        
",/recipe/tangy-turkey-sloppy-joes-celeriac-slaw
"

          Spiced chilli popcorn        
",/recipes/1507674/spiced-chilli-popcorn
"

          Coconut & chocolate bars        
",/recipes/coconut-chocolate-bars
"

          Hot harissa lamb with couscous        
",/recipes/3963/hot-harissa-lamb-with-couscous
"

          One-pan prawn pilau        
",/recipes/1502/onepan-prawn-pilau
"

          Baked Camembert        
",/recipes/1805663/baked-camembert
"

          Chunky sweetcorn, haddock & potato soup        
",/recipes/1573641/chunky-sweetcorn-haddock-and-potato-soup
"

          Hake with stewed peppers        
",/recipes/hake-stewed-peppers
"

          Sweet pineapple & chilli chutney        
",/recipes/2837662/sweet-pineapple-and-chilli-chutney
"

          Lemon star biscuits        
",/recipes/1136/lemon-star-biscuits
"

          Indian paneer skewers        
",/recipes/indian-paneer-skewers
"

          Prawn & rice noodle stir-fry        
",/recipes/prawn-rice-noodle-stir-fry
"

          Good-for-you bolognese        
",/recipes/7421/goodforyou-bolognese
"

          Hazelnut latte cake        
",/recipes/hazelnut-latte-cake
"

          Alex's mega brownies        
",/recipes/1129657/alexs-mega-brownies
"

          Rare beef with mustard Yorkshires        
",/recipes/3426/rare-beef-with-mustard-yorkshires
"

          Lentil & red pepper salad with a soft egg        
",/recipes/12690/lentil-and-red-pepper-salad-with-a-soft-egg
"

          Bacon & fish o'leekie        
",/recipes/1309/bacon-and-fish-oleekie
"

          Chorizo & prawn skewers        
",/recipes/chorizo-prawn-skewers
"

          Cheesecake biscuit beach        
",/recipes/cheesecake-biscuit-beach
"

          Isaac & Scout's Christmas cake        
",/recipes/2801/isaac-and-scouts-christmas-cake
"

          Lemon French toast with poached plums        
",/recipes/7563/lemon-french-toast-with-poached-plums
"

          Basil, pea & pancetta tart        
",/recipes/3503/basil-pea-and-pancetta-tart
"

          Warm new potato & smoked mackerel salad        
",/recipes/1851/warm-new-potato-and-smoked-mackerel-salad
"

          Strawberry cream roulade        
",/recipes/590640/strawberry-cream-roulade
"

          Sweet & spicy nuts        
",/recipes/1803648/sweet-and-spicy-nuts
"

          Roast red wine lamb with Italian beans        
",/recipes/3494/roast-red-wine-lamb-with-italian-beans
"

          Spiced quinoa with almonds & feta        
",/recipes/10505/spiced-quinoa-with-almonds-and-feta
"

          Christmas mess        
",/recipes/2806664/christmas-mess
"

          Turkey tonnato salad        
",/recipes/8815/turkey-tonnato-salad
"

          Hot & spicy wings with maple chipotle hot sauce        
",/recipes/hot-spicy-wings-maple-chipotle-hot-sauce
"

          Enchanted forest Christmas cake        
",/recipes/enchanted-forest-christmas-cake
"

          Hot cross muffin buns        
",/recipes/3081/hot-cross-muffin-buns
"

          Spatchcock barbecue chicken        
",/recipes/2186/spatchcock-barbecue-chicken
"

          Slow-baked clotted cream rice pudding        
",/recipes/9101/slowbaked-clotted-cream-rice-pudding
"

          Apple scones with blackberry compote        
",/recipes/1572671/apple-scones-with-blackberry-compote
"

          Chilli chocolate egg lollies        
",/recipes/1161642/chilli-chocolate-egg-lollies
"

          Herby baked lamb in tomato sauce        
",/recipes/10578/herby-baked-lamb-in-tomato-sauce
"

          Spiced parsnip & cauliflower soup        
",/recipes/2972684/spiced-parsnip-and-cauliflower-soup
"

          Chicken, lentil & sweetcorn chowder        
",/recipes/230614/chicken-lentil-and-sweetcorn-chowder
"

          Rhubarb & custard muffins        
",/recipes/1952/rhubarb-and-custard-muffins
"

          Rhubarb streusel pie        
",/recipes/1335/rhubarb-streusel-pie
"

          Boxty with bacon, eggs & tomatoes        
",/recipes/10422/boxty-with-bacon-eggs-and-tomatoes
"

          Chilli ginger lamb chops        
",/recipes/2360649/chilli-ginger-lamb-chops
"

          Potato focaccia Pugliese         
",/recipes/2071/potato-focaccia-pugliese-
"

          Apple & blackberry crumble        
",/recipes/778642/apple-and-blackberry-crumble
"

          Tagliatelle with fresh peas & bacon        
",/recipes/4537/tagliatelle-with-fresh-peas-and-bacon
"

          Black Forest tart        
",/recipes/black-forest-tart
"

          White chocolate & apricot cheesecake        
",/recipes/11791/white-chocolate-and-apricot-cheesecake
"

          Fruit, oat & seed bars        
",/recipes/9834/fruit-oat-and-seed-bars
"

          Lemony tuna pitta pockets         
",/recipes/2776/lemony-tuna-pitta-pockets-
"

          Indian chickpeas with poached eggs        
",/recipes/indian-chickpeas-poached-eggs
"

          Moroccan-style chicken with lentils        
",/recipes/1860/moroccanstyle-chicken-with-lentils
"

          Barney's Monday night rice        
",/recipes/1848/barneys-monday-night-rice
"

          Coconut carrot slices        
",/recipes/11268/coconut-carrot-slices
"

          Dark chocolate, coconut & passion fruit mousse cake        
",/recipes/dark-chocolate-coconut-passion-fruit-mousse-cake
"

          Triple cheese & aubergine lasagne        
",/recipes/triple-cheese-aubergine-lasagne
"

          Minty summer rice salad        
",/recipes/2258/minty-summer-rice-salad
"

          Gingercrunch & meringue bombes        
",/recipes/8761/gingercrunch-and-meringue-bombes
"

          Chunky oven chips        
",/recipes/2515/chunky-oven-chips
"

          Banana custard eclairs        
",/recipes/banana-custard-eclairs
"

          Chocolate orange cheesecake        
",/recipes/chocolate-orange-cheesecake
"

          Tomato, runner bean & coconut curry        
",/recipes/tomato-runner-bean-coconut-curry
"

          Barbecued lamb with sweet mint dressing        
",/recipes/1411635/barbecued-lamb-with-sweet-mint-dressing
"

          Squash, feta & pine nut tart        
",/recipes/2852667/squash-feta-and-pine-nut-tart
"

          Pan-fried scallops with butternut squash two ways        
",/recipes/853652/panfried-scallops-with-butternut-squash-two-ways
"

          Spaghetti with spinach & garlic        
",/recipes/12755/spaghetti-with-spinach-and-garlic
"

          Peppers filled with corn, chilli & cheese        
",/recipes/2893/peppers-filled-with-corn-chilli-and-cheese
"

          Quick pickled cabbage        
",/recipes/quick-pickled-cabbage
"

          Herb & spice paneer fritters        
",/recipes/420656/herb-and-spice-paneer-fritters
"

          Indian spice box chicken        
",/recipes/1161/indian-spice-box-chicken
"

          Salmon sushi salad        
",/recipes/salmon-sushi-salad
"

          Puffed salmon & spinach fish pie        
",/recipes/2877661/puffed-salmon-and-spinach-fish-pie
"

          Cardamom meringue nests        
",/recipes/1852647/cardamom-meringue-nests
"

          Ginger simnel cake with spring flowers        
",/recipes/3339/ginger-simnel-cake-with-spring-flowers
"

          Tangy cheesecake with strawberries        
",/recipes/1789/tangy-cheesecake-with-strawberries
"

          Chicken with mustard lentils        
",/recipes/2838669/chicken-with-mustard-lentils
"

          Carrot, lentil & orange soup        
",/recipes/3141/carrot-lentil-and-orange-soup
"

          Aperol & limoncello cocktail        
",/recipes/aperol-limoncello-cocktail
"

          Easy noodle soup        
",/recipes/11679/easy-noodle-soup
"

          Spicy lamb & feta skewers with Greek brown rice salad        
",/recipe/spicy-lamb-feta-skewers-greek-brown-rice-salad
"

          Hoisin pork with garlic & ginger greens        
",/recipes/2364644/hoisin-pork-with-garlic-and-ginger-greens
"

          Honey-glazed roast carrots        
",/recipes/1161636/honeyglazed-roast-carrots
"

          Toad-in-the-hole with red onions & thyme batter        
",/recipes/1231/toadinthehole-with-red-onions-and-thyme-batter
"

          Beef & mozzarella meatballs        
",/recipes/beef-mozzarella-meatballs
"

          Make & mature Christmas cake        
",/recipes/2607642/make-and-mature-christmas-cake
"

          Red cabbage with mulled Port & pears        
",/recipes/1789645/red-cabbage-with-mulled-port-and-pears
"

          Beany pasta pot        
",/recipes/2771/beany-pasta-pot
"

          Beef bourguignon cottage pie        
",/recipes/2571/beef-bourguignon-cottage-pie
"

          Minty beaujolais ice        
",/recipes/2463/minty-beaujolais-ice
"

          Rhubarb crumble        
",/recipes/420616/rhubarb-crumble
"

          Sticky stem ginger cake with lemon icing        
",/recipes/1462/sticky-stem-ginger-cake-with-lemon-icing
"

          Minted courgette salad        
",/recipes/711648/minted-courgette-salad
"

          Manchego cheese triangles with quince preserve        
",/recipes/1179/manchego-cheese-triangles-with-quince-preserve
"

          Cheesy turkey nuggets with smoking chips        
",/recipes/2952681/cheesy-turkey-nuggets-with-smoking-chips
"

          Chicken & bean enchiladas        
",/recipes/1656642/chicken-and-bean-enchiladas
"

          Chocolate-filled pancakes with caramelised banana        
",/recipes/chocolate-filled-pancakes-caramelised-banana
"

          Boozy chocolate bombes        
",/recipes/2768680/boozy-chocolate-bombes
"

          Fruity pork steaks        
",/recipes/230604/fruity-pork-steaks
"

          Grilled ham, egg & spiced oven chips        
",/recipes/1841669/grilled-ham-egg-and-spiced-oven-chips
"

          Spinach & courgette frittata        
",/recipes/2257636/spinach-and-courgette-frittata
"

          Sausages with fruity coleslaw        
",/recipes/5868/sausages-with-fruity-coleslaw
"

          Fresh mint sauce        
",/recipes/1793/fresh-mint-sauce
"

          Apple & spice tealoaf        
",/recipes/10503/apple-and-spice-tealoaf
"

          Clotted cream & stem ginger ice cream        
",/recipes/47610/clotted-cream-and-stem-ginger-ice-cream
"

          Caramel chocolate log        
",/recipes/caramel-chocolate-log
"

          Spring vegetable tagliatelle with lemon & chive sauce        
",/recipes/460647/spring-vegetable-tagliatelle-with-lemon-and-chive-
"

          Rainbow goat's cheese balls         
",/recipes/2685/rainbow-goats-cheese-balls-
"

          Gazpacho        
",/recipes/1396636/gazpacho
"

          Chinese braised pork with double spring onions         
",/recipes/468665/chinese-braised-pork-with-double-spring-onions-
"

          Chunky ciabatta bread sauce with clotted cream        
",/recipes/chunky-ciabatta-bread-sauce-clotted-cream
"

          Ratatouille chutney        
",/recipes/ratatouille-chutney
"

          Asparagus mousse with ham & red onion salad        
",/recipes/1267649/asparagus-mousse-with-ham-and-red-onion-salad
"

          Microwave bread sauce        
",/recipes/1799636/microwave-bread-sauce
"

          Lemony potato salad        
",/recipes/531672/lemony-potato-salad
"

          Pineapple upside-down cake        
",/recipes/5562/pineapple-upsidedown-cake
"

          Creamy masala chicken        
",/recipes/1884/creamy-masala-chicken
"

          Pear, chocolate & marzipan strudel        
",/recipes/pear-chocolate-marzipan-strudel
"

          Coconut quindim        
",/recipes/coconut-quindim
"

          Winter leaf salad        
",/recipes/winter-leaf-salad
"

          Raspberry layer cake        
",/recipes/2419/raspberry-layer-cake
"

          Sticky popcorn pots         
",/recipes/4505/sticky-popcorn-pots-
"

          Oaty hazelnut cookies        
",/recipes/oaty-hazelnut-cookies
"

          Grilled steak salad with horseradish dressing        
",/recipes/2253643/grilled-steak-salad-with-horseradish-dressing
"

          Roast crispy pork        
",/recipes/2173/roast-crispy-pork
"

          Hot coconut & raspberry puds        
",/recipe/hot-coconut-raspberry-puds
"

          Pastrami & sweet potato hash        
",/recipes/pastrami-sweet-potato-hash
"

          Coriander steaks with tomato & rocket salad        
",/recipes/2023/coriander-steaks-with-tomato-and-rocket-salad
"

          Summer fish stew with rouille        
",/recipes/532640/summer-fish-stew-with-rouille
"

          10-minute winter fruit compote        
",/recipes/1507/10minute-winter-fruit-compote
"

          Sausage & tomato pizza        
",/recipes/4775/sausage-and-tomato-pizza
"

          Chicken, chickpea & lemon casserole        
",/recipes/1013/chicken-chickpea-and-lemon-casserole
"

          Pan-fried pears with ginger & chilli butter        
",/recipes/2710/panfried-pears-with-ginger-and-chilli-butter
"

          Spiced tomato rice        
",/recipes/412632/spiced-tomato-rice
"

          Warm potato salad with Caesar dressing        
",/recipes/531642/warm-potato-salad-with-caesar-dressing
"

          Mediterranean fish & couscous        
",/recipes/1413637/mediterranean-fish-and-couscous
"

          Rhubarb puffs with oaty streusel topping        
",/recipes/10371/rhubarb-puffs-with-oaty-streusel-topping
"

          Oven-baked Thai chicken rice        
",/recipes/4017/ovenbaked-thai-chicken-rice
"

          Goan mussels        
",/recipes/2852678/goan-mussels
"

          Pepper, pesto & sweetcorn calzones        
",/recipes/pepper-pesto-sweetcorn-calzones
"

          Sticky toffee tarts        
",/recipes/1853665/sticky-toffee-tarts
"

          Honey cake with honeyed almond crunch        
",/recipes/13103/honey-cake-with-honeyed-almond-crunch
"

          Spiced kale crisps        
",/recipes/spiced-kale-crisps
"

          Cloud bread        
",/recipes/cloud-bread
"

          Vegetable curry for a crowd        
",/recipes/775646/vegetable-curry-for-a-crowd
"

          Creamy porridge with spiced apple & cranberry        
",/recipes/2762669/creamy-porridge-with-spiced-apple-and-cranberry
"

          Baked chicken masala with almond pilaf        
",/recipes/1111639/baked-chicken-masala-with-almond-pilaf
"

          Figgy Christmas pudding        
",/recipes/851637/figgy-christmas-pudding
"

          Lamb koftas        
",/recipes/2187/lamb-koftas
"

          Frying pan pizza pie        
",/recipes/frying-pan-pizza-pie
"

          Cranberry sunrise        
",/recipes/2353/cranberry-sunrise
"

          Creamy mushroom spaghetti        
",/recipes/2933/creamy-mushroom-spaghetti
"

          Hob-to-table moussaka        
",/recipes/3086/hobtotable-moussaka
"

          Pork & rosemary lasagne        
",/recipes/1235/pork-and-rosemary-lasagne
"

          Hot-smoked salmon & potato salad        
",/recipes/2193/hotsmoked-salmon-and-potato-salad
"

          Baked cheese with quick walnut bread & pears        
",/recipes/1129655/baked-cheese-with-quick-walnut-bread-and-pears
"

          Tandoori tilapia with spicy sweet potato mash & tomato salad        
",/recipes/1758642/tandoori-tilapia-with-spicy-sweet-potato-mash-and-
"

          Tropical coconut rum punch        
",/recipes/tropical-coconut-rum-punch
"

          Aubergine & black bean stir-fry        
",/recipes/448629/aubergine-and-black-bean-stirfry
"

          Best-ever roast potatoes        
",/recipes/best-ever-roast-potatoes
"

          Mustardy greens        
",/recipes/2972677/mustardy-greens
"

          Marinated lamb steaks in flat bread        
",/recipes/1129/marinated-lamb-steaks-in-flat-bread
"

          Spicy potatoes        
",/recipes/1039646/spicy-potatoes
"

          Mushroom & aubergine pizza pie        
",/recipes/1813650/mushroom-and-aubergine-pizza-pie
"

          Parcel-poached salmon with herby mayonnaise        
",/recipes/1162667/parcelpoached-salmon-with-herby-mayonnaise
"

          Chicken tikka skewers        
",/recipes/10375/chicken-tikka-skewers
"

          Peppery fennel & carrot salad        
",/recipes/2011/peppery-fennel-and-carrot-salad
"

          Easter biscuit lollies        
",/recipes/3018694/easter-biscuit-lollies
"

          Citrus iced tea        
",/recipes/4618/citrus-iced-tea
"

          Raspberry & redcurrant cobbler         
",/recipes/681681/raspberry-and-redcurrant-cobbler-
"

          Spaghetti with cherry tomato & black olive sauce        
",/recipes/3147688/spaghetti-with-cherry-tomato-and-black-olive-sauce
"

          Crisp Italian chicken & polenta        
",/recipes/2326/crisp-italian-chicken-and-polenta
"

          Creamy chicken & mango curry        
",/recipes/2762671/creamy-chicken-and-mango-curry
"

          Broad bean bruschetta        
",/recipes/6290/broad-bean-bruschetta
"

          Gooseberry coconut cake        
",/recipes/gooseberry-coconut-cake
"

          Parmesan wafers        
",/recipes/2682/parmesan-wafers
"

          Spaghetti & tuna balls        
",/recipes/spaghetti-tuna-balls
"

          Bicyclette        
",/recipes/bicyclette
"

          Poached saffron pears        
",/recipes/1569/poached-saffron-pears
"

          Chilli crab with shaved fennel & parsley salad        
",/recipes/chilli-crab-shaved-fennel-parsley-salad
"

          Crab & melon salad        
",/recipes/crab-melon-salad
"

          Melting middle truffles        
",/recipes/8272/melting-middle-truffles
"

          Blueberry swirl cheesecake        
",/recipe/blueberry-swirl-cheesecake
"

          Butternut squash & sage soup        
",/recipes/2760972/butternut-squash-and-sage-soup
"

          Chocolate, orange & almond simnel cake        
",/recipes/408615/chocolate-orange-and-almond-simnel-cake
"

          Coconut & chocolate bananas        
",/recipes/2874/coconut-and-chocolate-bananas
"

          Chicken livers on toast        
",/recipes/335611/chicken-livers-on-toast
"

          Mustard chicken with winter vegetables        
",/recipes/8199/mustard-chicken-with-winter-vegetables
"

          Tangy trout        
",/recipes/2501/tangy-trout
"

          Red velvet melting moments        
",/recipes/red-velvet-melting-moments
"

          Plum betty        
",/recipes/756642/plum-betty
"

          Tuna & broccoli pasta bake        
",/recipes/1813634/tuna-and-broccoli-pasta-bake
"

          Slow-roasted pork with fennel & black pepper        
",/recipes/13363/slowroasted-pork-with-fennel-and-black-pepper
"

          Golden roast chicken with sweetcorn, sage & garlic        
",/recipes/golden-roast-chicken-sweetcorn-sage-garlic
"

          Butterscotch sauce        
",/recipes/1837652/butterscotch-sauce
"

          Chunky Mediterranean fish soup        
",/recipes/2825/chunky-mediterranean-fish-soup
"

          Coronation chicken scones        
",/recipes/coronation-chicken-scones
"

          Amatriciana chicken traybake        
",/recipes/amatriciana-chicken-traybake
"

          Crispy squashed baby roasties        
",/recipes/3087686/crispy-squashed-baby-roasties
"

          Sweet potato fries        
",/recipes/sweet-potato-fries
"

          Steak & sticky red wine shallots        
",/recipes/3368/steak-and-sticky-red-wine-shallots
"

          Garam masala spice mix        
",/recipes/3161677/garam-masala-spice-mix
"

          Lemon linguine with ham        
",/recipes/2492/lemon-linguine-with-ham
"

          Slow-roast tomatoes with Iberico ham & artichokes        
",/recipes/6670/slowroast-tomatoes-with-iberico-ham-and-artichokes
"

          Marinated aubergine & rocket salad        
",/recipes/748649/marinated-aubergine-and-rocket-salad
"

          Simple pizza base        
",/recipes/1139655/simple-pizza-base
"

          Lasagne        
",/recipes/1109637/lasagne
"

          Pasta with ham & minty pea pesto        
",/recipes/2953677/pasta-with-ham-and-minty-pea-pesto
"

          Chocolate mint loaf cake        
",/recipes/chocolate-mint-loaf-cake
"

          Whoopie pies        
",/recipes/847646/whoopie-pies
"

          Prawn & tomato stew with gremolata topping        
",/recipes/2853675/prawn-and-tomato-stew-with-gremolata-topping
"

          Plum & amaretti semifreddo        
",/recipes/2411658/plum-and-amaretti-semifreddo
"

          Elderflower fritters with honey        
",/recipes/elderflower-fritters-honey
"

          Cauliflower mac & cheese        
",/recipes/cauliflower-mac-cheese
"

          Gregg's tangy lemon tart        
",/recipes/380616/greggs-tangy-lemon-tart
"

          Peking duck        
",/recipes/peking-duck
"

          Warm smoked haddock, rocket & basmati rice salad        
",/recipes/2827/warm-smoked-haddock-rocket-and-basmati-rice-salad
"

          Chicken & sweet potato curry        
",/recipes/chicken-sweet-potato-curry
"

          Dark & white chocolate cardamom swirl tart        
",/recipes/dark-white-chocolate-cardamom-swirl-tart
"

          Giant strawberry shortcake        
",/recipes/giant-strawberry-shortcake
"

          Cottage pie cakes        
",/recipes/1813641/cottage-pie-cakes
"

          Summer celebration cake        
",/recipes/10862/summer-celebration-cake
"

          Smoked haddock & cumin chowder        
",/recipes/5096/smoked-haddock-and-cumin-chowder
"

          Roasted tomato, mozzarella & rocket        
",/recipes/1263682/roasted-tomato-mozzarella-and-rocket
"

          Mulled Port & lemon        
",/recipes/mulled-port-lemon
"

          Apricot & ricotta torte        
",/recipes/2110/apricot-and-ricotta-torte
"

          Chicken gumbo        
",/recipes/chicken-gumbo
"

          Red spiced fish with green salad        
",/recipes/9064/red-spiced-fish-with-green-salad
"

          Three-in-one braised vegetables        
",/recipes/5030/threeinone-braised-vegetables
"

          Beetroot, orange & hazelnut salad        
",/recipe/beetroot-orange-hazelnut-salad
"

          Aubergine rolls with spinach & ricotta        
",/recipes/2248649/aubergine-rolls-with-spinach-and-ricotta
"

          Crunchy coleslaw        
",/recipes/166609/crunchy-coleslaw
"

          Help-yourself grain fridge salad        
",/recipes/help-yourself-grain-fridge-salad
"

          Mushroom, shallot & squash pie        
",/recipes/853636/mushroom-shallot-and-squash-pie
"

          Rhubarb curd        
",/recipes/2955676/rhubarb-curd
"

          Pasta shells with broccoli & anchovies        
",/recipes/3410/pasta-shells-with-broccoli-and-anchovies
"

          Chicken rarebits        
",/recipes/1276/chicken-rarebits
"

          Slow-roast pork with apples & peppers        
",/recipes/691661/slowroast-pork-with-apples-and-peppers
"

          Fish mappas        
",/recipes/fish-mappas
"

          Glazed baby veg        
",/recipes/8264/glazed-baby-veg
"

          Halloumi stuffed peppers        
",/recipes/1331/halloumi-stuffed-peppers
"

          Golden potatoes        
",/recipes/338605/golden-potatoes
"

          One-pot fish with black olives & tomatoes        
",/recipes/1128/onepot-fish-with-black-olives-and-tomatoes
"

          Buttered sprouts with pancetta        
",/recipes/3193/buttered-sprouts-with-pancetta
"

          Pork chops with aubergine        
",/recipes/2912/pork-chops-with-aubergine
"

          Prune & nut tart        
",/recipes/1307/prune-and-nut-tart
"

          Persian lamb tagine        
",/recipes/persian-lamb-tagine
"

          Roast pork with couscous & ginger yogurt        
",/recipes/877643/roast-pork-with-couscous-and-ginger-yogurt
"

          Baked figs & goat's cheese with radicchio        
",/recipes/2154/baked-figs-and-goats-cheese-with-radicchio
"

          Just-egg sandwiches        
",/recipes/1974648/justegg-sandwiches
"

          Simple carrot salad        
",/recipes/2606/simple-carrot-salad
"

          Salmon & cucumber twists        
",/recipes/salmon-cucumber-twists
"

          Strawberry cream tea cake        
",/recipes/10876/strawberry-cream-tea-cake
"

          Lemony spiced houmous        
",/recipes/lemony-spiced-houmous
"

          Wild garlic butter        
",/recipes/wild-garlic-butter
"

          Forest fruits clafoutis        
",/recipes/1963/forest-fruits-clafoutis
"

          Stir-fry of duck & winter vegetables        
",/recipes/2694/stir-fry-of-duck-and-winter-vegetables
"

          No-weigh cinnamon & yogurt pancakes        
",/recipes/no-weigh-cinnamon-yogurt-pancakes
"

          Pineapple chutney        
",/recipes/1759657/pineapple-chutney
"

          Amalfi salads        
",/recipes/2690/amalfi-salads
"

          Lemon, fennel & prawn pizza        
",/recipes/lemon-fennel-prawn-pizza
"

          Chocolate chunk pecan cookies        
",/recipes/5720/chocolate-chunk-pecan-cookies
"

          Devilled mackerel with potatoes & spinach        
",/recipes/3565/devilled-mackerel-with-potatoes-and-spinach
"

          Full English kebabs        
",/recipes/11642/full-english-kebabs
"

          Puy lentils & pancetta        
",/recipes/puy-lentils-pancetta
"

          Japanese noodles with sesame dressing        
",/recipes/2253641/japanese-noodles-with-sesame-dressing
"

          Normandy pork with apples & cider        
",/recipes/normandy-pork-apples-cider
"

          Gooseberry syllabub pavlova        
",/recipes/2286/gooseberry-syllabub-pavlova
"

          Easy veggie biriyani        
",/recipes/3289/easy-veggie-biriyani
"

          Chicken pitta pockets with houmous drizzle        
",/recipes/2774/chicken-pitta-pockets-with-houmous-drizzle
"

          Chipotle bean chilli with baked eggs        
",/recipes/3018685/chipotle-bean-chilli-with-baked-eggs
"

          Chocolate chip mince pies        
",/recipes/magic-pastry-chocolate-chip-mince-pies
"

          Chipotle bavette steak with lime corn and chunky salsa        
",/recipe/chipotle-bavette-steak-lime-corn-and-chunky-salsa
"

          Plum & ginger tart        
",/recipes/13369/plum-and-ginger-tart
"

          Richly spiced plum chutney        
",/recipes/1553649/richly-spiced-plum-chutney
"

          Sesame-crusted tofu with gingery noodles        
",/recipes/sesame-crusted-tofu-gingery-noodles
"

          Creamy pasta with asparagus & peas        
",/recipes/2037644/creamy-pasta-with-asparagus-and-peas
"

          Hot chocolate set        
",/recipes/hot-chocolate-set
"

          Coriander potato cakes with mango chutney        
",/recipes/2973679/coriander-potato-cakes-with-mango-chutney
"

          Runner bean & prawn paella        
",/recipes/runner-bean-prawn-paella
"

          Garlic & lemon thyme poached potatoes        
",/recipes/garlic-lemon-thyme-poached-potatoes
"

          Spatchcock piri-piri chicken        
",/recipes/2252640/spatchcock-piripiri-chicken
"

          Pea & ham soup        
",/recipes/2806665/pea-and-ham-soup
"

          Mango, chilli & tequila ice lollies        
",/recipes/mango-chilli-tequila-ice-lollies
"

          Sloppy sausage chilli cheese dogs        
",/recipes/sloppy-sausage-chilli-cheese-dogs
"

          Easy cheese fondue        
",/recipes/890638/easy-cheese-fondue
"

          Whole stuffed roast fish with fennel        
",/recipes/whole-stuffed-roast-fish-fennel
"

          Spiced bulghar pilaf with fish        
",/recipes/2608637/spiced-bulghar-pilaf-with-fish
"

          Chocolate gingerbread advent calendar        
",/recipes/chocolate-gingerbread
"

          Cassie's chai tea        
",/recipes/cassies-chai-tea
"

          Chicken & chorizo quesadilla        
",/recipes/2137/chicken-and-chorizo-quesadilla
"

          Braised rabbit pappardelle        
",/recipes/2534648/braised-rabbit-pappardelle
"

          Easy cheesy bake        
",/recipes/1425/easy-cheesy-bake
"

          Smoked salmon & watercress pinwheels        
",/recipes/2831681/smoked-salmon-and-watercress-pinwheels
"

          South Indian fish curry with chickpeas        
",/recipes/south-indian-fish-curry-chickpeas
"

          Cranberry & marmalade sauce        
",/recipes/cranberry-marmalade-sauce
"

          Stuffed pork medallions        
",/recipes/1511707/stuffed-pork-medallions
"

          Truffled parsnip & brioche pudding with hazelnut & thyme butter        
",/recipes/truffled-parsnip-brioche-pudding-hazelnut-thyme-butter
"

          Green salad with buttermilk dressing        
",/recipes/10604/green-salad-with-buttermilk-dressing
"

          Chinese roast duck with pancakes        
",/recipes/786652/chinese-roast-duck-with-pancakes
"

          Creamed corn & bacon        
",/recipes/creamed-corn-bacon
"

          Herby cheese roast chicken & baked tomatoes        
",/recipes/5931/herby-cheese-roast-chicken-and-baked-tomatoes
"

          Tortellini with pesto & broccoli        
",/recipes/9040/tortellini-with-pesto-and-broccoli
"

          Quick roast chicken & homemade oven chips with Kiev butter        
",/recipes/quick-roast-chicken-homemade-oven-chips-kiev-butter
"

          Ricotta pancakes with oranges & honey        
",/recipes/3418/ricotta-pancakes-with-oranges-and-honey
"

          Sausage, bean & cheese pasties        
",/recipes/1263678/sausage-bean-and-cheese-pasties
"

          Pineapple & coconut ice with poached pineapple        
",/recipes/3136/pineapple-and-coconut-ice-with-poached-pineapple
"

          Cinnamon buckwheat pancakes with cherries        
",/recipes/557629/cinnamon-buckwheat-pancakes-with-cherries
"

          Perfect pasties        
",/recipes/7776/cornish-pasties
"

          Thai-style steamed fish        
",/recipes/1031/thaistyle-steamed-fish
"

          Vietnamese lamb shanks with sweet potatoes        
",/recipes/67613/vietnamese-lamb-shanks-with-sweet-potatoes
"

          Cheesy leeks & ham         
",/recipes/2699/cheesy-leeks-and-ham-
"

          Cheat's deep-pan pizza        
",/recipes/884636/cheats-deeppan-pizza
"

          One-pan summer chicken        
",/recipes/2505/onepan-summer-chicken
"

          Turkey & spring onion wraps        
",/recipes/1813653/turkey-and-spring-onion-wraps
"

          Courgette loaf cake        
",/recipes/2534665/courgette-loaf-cake
"

          Harissa beef skewers with avocado dip        
",/recipes/harissa-beef-skewers-avocado-dip
"

          Cheesy bean & sweetcorn cakes with quick salsa        
",/recipes/2121663/cheesy-bean-and-sweetcorn-cakes-with-quick-salsa
"

          Speedy Thai beef salad        
",/recipes/1154/speedy-thai-beef-salad
"

          Lemon marmalade        
",/recipes/1898654/lemon-marmalade
"

          Roasted sweet potato & carrot soup        
",/recipes/roasted-sweet-potato-carrot-soup
"

          Hidden bulb cake        
",/recipes/hidden-bulb-cake
"

          Marrow & pecan cake with maple icing        
",/recipes/marrow-pecan-cake-maple-icing
"

          The ultimate makeover: Full English breakfast        
",/recipes/5820/the-ultimate-makeover-full-english-breakfast
"

          Cannellini bean & egg salad with crispy crumbs        
",/recipes/3161697/cannellini-bean-and-egg-salad-with-crispy-crumbs
"

          Mushroom rarebit with mash & thyme gravy        
",/recipes/420653/mushroom-rarebit-with-mash-and-thyme-gravy
"

          Halloween dips & bites        
",/recipes/12860/halloween-dips-and-bites
"

          Warm apricot & almond pots        
",/recipes/1758/warm-apricot-and-almond-pots
"

          Pork, apricot & pistachio pies        
",/recipes/pork-apricot-pistachio-pies
"

          Roast new potato salad with caper & tarragon dressing        
",/recipes/roast-new-potato-salad-caper-tarragon-dressing
"

          Spiced cashew nuts        
",/recipes/1377635/spiced-cashew-nuts
"

          Anchovy palmiers        
",/recipes/2249645/anchovy-palmiers
"

          Christmas pear tart        
",/recipes/3031/christmas-pear-tart
"

          Blueberry sundae with candied bacon        
",/recipes/blueberry-sundae-candied-bacon
"

          Lithuanian cepelinai: Potato dumplings with mushroom sauce & bacon        
",/recipes/lithuanian-cepelinai-potato-dumplings-mushroom-sauce-bacon
"

          Sausage & mash pies        
",/recipes/2411644/sausage-and-mash-pies
"

          Broccoli baked potatoes        
",/recipes/12689/broccoli-baked-potatoes
"

          California quinoa & avocado salad        
",/recipes/california-quinoa-avocado-salad
"

          7-cup Christmas pudding        
",/recipes/2310/7cup-christmas-pudding
"

          Lemon & honey chicken        
",/recipes/1979/lemon-and-honey-chicken
"

          Cheesy leek & spinach pasta        
",/recipes/1064/cheesy-leek-and-spinach-pasta
"

          Leftover turkey casserole         
",/recipes/1826709/leftover-turkey-casserole-
"

          Coconut & raspberry cupcakes        
",/recipes/2198648/coconut-and-raspberry-cupcakes
"

          Smoked haddock gratin        
",/recipes/smoked-haddock-gratin
"

          Arroz con leche with strawberries in Sherry        
",/recipes/arroz-con-leche-strawberries-sherry
"

          Seared scallops with leeks & lemon chilli butter        
",/recipes/6669/seared-scallops-with-leeks-and-lemon-chilli-butter
"

          Thai beef salad        
",/recipes/518629/thai-beef-salad
"

          Artichoke focaccia        
",/recipes/4645/artichoke-focaccia
"

          Baked Camembert kit        
",/recipes/992649/baked-camembert-kit
"

          Weaning recipe: Fish pie bites        
",/recipes/fish-pie-bites
"

          Apple & blueberry blintzes        
",/recipes/1135639/apple-and-blueberry-blintzes
"

          Cherry tomatoes        
",/recipes/2518/cherry-tomatoes
"

          Lemon & rosemary potato wedges        
",/recipes/1773/lemon-and-rosemary-potato-wedges
"

          Pistachio, courgette & lemon cake        
",/recipes/pistachio-courgette-lemon-cake
"

          Broad bean & feta cheese toasts        
",/recipes/2220656/broad-bean-and-feta-cheese-toasts
"

          Easy peasy risotto with chilli & mint crumbs        
",/recipes/easy-peasy-risotto-chilli-mint-crumbs
"

          Cherry & coconut Florentines        
",/recipes/73617/cherry-and-coconut-florentines
"

          Picnic tortilla        
",/recipes/1810/picnic-tortilla
"

          Perfect roast potatoes        
",/recipes/3016/perfect-roast-potatoes
"

          One-pot chicken & chickpea pilau        
",/recipes/1550/onepot-chicken-and-chickpea-pilau
"

          White sauce        
",/recipes/2982678/white-sauce
"

          Red cabbage with balsamic vinegar & cranberries        
",/recipes/1827640/red-cabbage-with-balsamic-vinegar-and-cranberries
"

          Indian bean, broccoli & carrot salad        
",/recipes/3094685/indian-bean-broccoli-and-carrot-salad
"

          Spinach with onions & pine nuts        
",/recipes/8820/spinach-with-onions-and-pine-nuts
"

          Orange & coconut salad        
",/recipes/2762675/orange-and-coconut-salad
"

          Mini turkey & cranberry pies        
",/recipes/885634/mini-turkey-and-cranberry-pies
"

          Cheese & Marmite pasties        
",/recipes/2219678/cheese-and-marmite-pasties
"

          Pomegranate dressing        
",/recipes/2853681/pomegranate-dressing
"

          Cracked potato salad        
",/recipes/2358/cracked-potato-salad
"

          Asian barbecue pork salad with gooseberry dressing        
",/recipes/asian-barbecue-pork-salad-gooseberry-dressing
"

          Polish sausage soup        
",/recipes/5962/polish-sausage-soup
"

          Bread in four easy steps        
",/recipes/10121/bread-in-four-easy-steps
"

          Stacked star cake        
",/recipes/4884/stacked-star-cake
"

          Cheese, tomato & pesto tart        
",/recipes/2545/cheese-tomato-and-pesto-tart
"

          Spring veggie casserole with little herb dumplings        
",/recipes/3291/spring-veggie-casserole-with-little-herb-dumplings
"

          Caipirinhas with pineapple        
",/recipes/caipirinhas-pineapple
"

          Ultimate toad in the hole        
",/recipes/1071/ultimate-toad-in-the-hole
"

          Pork goulash with herby dumplings        
",/recipes/1094662/pork-goulash-with-herby-dumplings
"

          Harissa chicken with chickpea salad        
",/recipes/1395636/harissa-chicken-with-chickpea-salad
"

          Chocolate bark & chocolate-coated strawberries        
",/recipes/chocolate-bark-chocolate-coated-strawberries
"

          Coffee cocktails        
",/recipes/2057/coffee-cocktails
"

          Quick steak & mushroom stroganoff        
",/recipes/775636/quick-steak-and-mushroom-stroganoff
"

          Smoked haddock & celeriac salad        
",/recipes/smoked-haddock-celeriac-salad
"

          Baked pumpkin with cream & onions        
",/recipes/778638/baked-pumpkin-with-cream-and-onions
"

          Cardamom lamb hotpot        
",/recipes/2141635/cardamom-lamb-hotpot
"

          Spiced cauliflower roast        
",/recipes/spiced-cauliflower-roast
"

          Cheese & bacon s'mores        
",/recipes/cheese-and-bacon-smores
"

          Smoky cheese & onion tart        
",/recipes/11698/smoky-cheese-and-onion-tart
"

          Earl Grey teacakes        
",/recipes/2955692/earl-grey-teacakes
"

          Tomato & tamarind fish curry        
",/recipes/3161695/tomato-and-tamarind-fish-curry
"

          Lemon & marjoram sardines with walnut & pepper dressing        
",/recipes/lemon-marjoram-sardines-walnut-pepper-dressing
"

          Strawberry jam        
",/recipes/3161704/strawberry-jam
"

          Courgette & tomato linguine        
",/recipes/11211/courgette-and-tomato-linguine
"

          Chestnut & butternut risotto        
",/recipes/1813656/chestnut-and-butternut-risotto
"

          Crunchy new potatoes        
",/recipes/2512/crunchy-new-potatoes
"

          Tuna with peppery tomatoes & potatoes        
",/recipes/5876/tuna-with-peppery-tomatoes-and-potatoes
"

          Mulling syrup        
",/recipes/851643/mulling-syrup
"

          Courgette tortilla wedges with pesto & rocket        
",/recipes/courgette-tortilla-wedges-pesto-rocket
"

          Easy cheesy chip omelette        
",/recipes/1700/easy-cheesy-chip-omelette
"

          Quick lamb & potato pot        
",/recipes/1611/quick-lamb-and-potato-pot
"

          Pea & tarragon risotto        
",/recipes/313612/pea-and-tarragon-risotto
"

          Spiced roast beef with red wine gravy        
",/recipes/2767665/spiced-roast-beef-with-red-wine-gravy
"

          Pears in port with meringue cream        
",/recipes/155630/pears-in-port-with-meringue-cream
"

          Easy vanilla marzipan        
",/recipes/8164/easy-vanilla-marzipan
"

          Lamb tagliata with watercress & tomatoes        
",/recipes/2196649/lamb-tagliata-with-watercress-and-tomatoes
"

          Sticky chicken & blood orange stir fry        
",/recipes/1428/sticky-chicken-and-blood-orange-stir-fry
"

          Persian cranberry sauce        
",/recipes/persian-cranberry-sauce
"

          Bonny lassi        
",/recipes/3128/bonny-lassi
"

          Chocolate courgette cake        
",/recipes/633634/chocolate-courgette-cake
"

          Rich paprika seafood bowl        
",/recipes/5162/rich-paprika-seafood-bowl
"

          Lemon meringue cheesecake        
",/recipes/lemon-meringue-cheesecake
"

          Crunchy Asian cabbage & prawn salad        
",/recipes/237611/crunchy-asian-cabbage-and-prawn-salad
"

          Baked artichoke dip        
",/recipe/baked-artichoke-dip
"

          Country loaf        
",/recipes/13419/country-loaf
"

          Sausage & Bramley stuffing        
",/recipes/sausage-bramley-stuffing
"

          Bean & barley soup        
",/recipes/bean-barley-soup
"

          Little coffee cakes        
",/recipes/1974650/little-coffee-cakes
"

          Chocolate spider cookies        
",/recipes/1663633/chocolate-spider-cookies
"

          Quick cheese & onion rarebit        
",/recipes/1471/quick-cheese-and-onion-rarebit
"

          Little Black Forest cakes        
",/recipes/6542/little-black-forest-cakes
"

          Easy caponata        
",/recipes/749662/easy-caponata
"

          Salmon & egg wraps with mustard mayo        
",/recipes/541640/salmon-and-egg-wraps-with-mustard-mayo
"

          Smoked mackerel dip        
",/recipes/4411/smoked-mackerel-dip
"

          Gado Gado salad        
",/recipes/gado-gado-salad
"

          Very simple Margherita pizza        
",/recipes/2037645/very-simple-margherita-pizza
"

          Smoked mackerel & beetroot salad with creamy horseradish dressing        
",/recipes/smoked-mackerel-beetroot-salad-creamy-horseradish-dressing
"

          Sausages with apple mash        
",/recipes/313609/sausages-with-apple-mash
"

          Strawberry milk pops        
",/recipes/2256637/strawberry-milk-pops
"

          Summery chicken stir-fry         
",/recipes/4533/summery-chicken-stirfry-
"

          Chilli chicken one-pot        
",/recipes/5891/chilli-chicken-onepot
"

          The ultimate makeover: Chicken korma        
",/recipes/13417/the-ultimate-makeover-chicken-korma
"

          Lemony radish & fennel salad        
",/recipes/1739/lemony-radish-and-fennel-salad
"

          Chinese-style braised beef one-pot        
",/recipes/9646/chinesestyle-braised-beef-onepot
"

          Slow-roast tomato Tatin        
",/recipes/slow-roast-tomato-tatin
"

          Dried apricot jam        
",/recipes/2037642/dried-apricot-jam
"

          Moroccan chicken couscous with dates        
",/recipes/2865693/moroccan-chicken-couscous-with-dates
"

          Creamy pea & watercress pasta        
",/recipes/587629/creamy-pea-and-watercress-pasta
"

          Deep-filled asparagus & mascarpone tartlets        
",/recipes/5923/deepfilled-asparagus-and-mascarpone-tartlets
"

          Funnel cakes        
",/recipes/funnel-cakes
"

          Malted chocolate drizzle & honeycomb cake        
",/recipes/malted-chocolate-drizzle-honeycomb-cake
"

          Crispy hedgehog spuds with sage        
",/recipes/1789634/crispy-hedgehog-spuds-with-sage
"

          Basic shortcrust pastry        
",/recipes/2983/basic-shortcrust-pastry
"

          Wild mushroom, chicken & bacon risotto        
",/recipes/7744/wild-mushroom-chicken-and-bacon-risotto
"

          Turkey & coriander burgers with guacamole        
",/recipes/2364641/turkey-and-coriander-burgers-with-guacamole
"

          Spicy bean & avocado tostados        
",/recipes/4015/spicy-bean-and-avocado-tostados
"

          Chickpea, tomato & spinach curry        
",/recipes/1260646/chickpea-tomato-and-spinach-curry
"

          Herb & chilli salad        
",/recipes/845653/herb-and-chilli-salad
"

          Mushroom & sausage pasta        
",/recipes/1299635/mushroom-and-sausage-pasta
"

          Sweet glazed pork        
",/recipes/4652/sweet-glazed-pork
"

          John Whaite's Chocolate chiffon cake with salted caramel butter cream        
",/recipes/3028685/john-whaites-chocolate-chiffon-cake-with-salted-ca
"

          Rigatoni sausage bake        
",/recipes/1197/rigatoni-sausage-bake
"

          Vanilla-almond chia breakfast bowl        
",/recipes/vanilla-almond-chia-breakfast-bowl
"

          Haunting Halloween cocktail        
",/recipes/halloween-cocktail
"

          Banana-maple towers        
",/recipes/1262/bananamaple-towers
"

          Chocolate & caramel flapjacks        
",/recipes/532635/chocolate-and-caramel-flapjacks
"

          Cranberry sours        
",/recipes/cranberry-sours
"

          Fruity red cabbage        
",/recipes/2604654/fruity-red-cabbage
"

          Thai green chicken soup        
",/recipes/1511712/thai-green-chicken-soup
"

          Garlic & prosciutto plait        
",/recipes/1582674/garlic-and-prosciutto-plait
"

          Avocado, labneh, roasted carrots & leaves        
",/recipes/avocado-labneh-roasted-carrots-leaves
"

          Balsamic chicken & peach salad        
",/recipes/2273/balsamic-chicken-and-peach-salad
"

          Chicken tikka masala        
",/recipes/12798/chicken-tikka-masala
"

          Maple pecan beans        
",/recipes/1570639/maple-pecan-beans
"

          Cured ham & remoulade tartines        
",/recipes/1364640/cured-ham-and-remoulade-tartines
"

          Sticky roasted parsnips, Chantenay carrots & apples        
",/recipes/sticky-roasted-parsnips-chantenay-carrots-apples
"

          Orlando Murrin's Deluxe Christmas Cake        
",/recipes/1194/orlando-murrins-deluxe-christmas-cake
"

          Salmon rillettes        
",/recipes/2524/salmon-rillettes
"

          Rice & peas with mango chicken        
",/recipes/6613/rice-and-peas-with-mango-chicken
"

          Aubergine with spicy apricot tabbouleh        
",/recipes/11017/aubergine-with-spicy-apricot-tabbouleh
"

          Banoffee marshmallow cake        
",/recipes/12972/banoffee-marshmallow-cake
"

          Apricot tart with brown sugar & cinnamon pastry        
",/recipes/11790/apricot-tart-with-brown-sugar-and-cinnamon-pastry
"

          Thai green chicken curry        
",/recipes/2991673/thai-green-chicken-curry
"

          Spicy chorizo with lentils & beetroot        
",/recipes/spicy-chorizo-lentils-beetroot
"

          Herby mustard Yorkies        
",/recipes/1789649/herby-mustard-yorkies
"

          Fresh tomato & courgette penne        
",/recipes/2358639/fresh-tomato-and-courgette-penne
"

          Gluten-free sundried tomato bread        
",/recipes/2070/glutenfree-sundried-tomato-bread
"

          Ham & pineapple melt        
",/recipes/2772/ham-and-pineapple-melt
"

          Porridge plus        
",/recipes/1403/porridge-plus
"

          Chocolate sorbet        
",/recipes/252618/chocolate-sorbet
"

          Sweet potato & pea curry        
",/recipes/2346/sweet-potato-and-pea-curry
"

          Pink grapefruit, raspberry & mint jellies          
",/recipes/pink-grapefruit-raspberry-mint-jellies
"

          Cauliflower cheese        
",/recipes/cauliflower-cheese
"

          Mediterranean scones        
",/recipes/1867/mediterranean-scones
"

          Korean BBQ wings        
",/recipes/korean-bbq-wings
"

          Pirate ship and treasure island cake        
",/recipes/pirate-ship-and-buried-treasure-island-cake
"

          Warm Russian salad        
",/recipes/2285/warm-russian-salad
"

          Blackcurrant Bakewell        
",/recipes/694638/blackcurrant-bakewell
"

          Pasta primavera        
",/recipes/1843/pasta-primavera
"

          Asian prawn & pineapple salad        
",/recipes/12753/asian-prawn-and-pineapple-salad
"

          Grilled aubergine with creamy dressing        
",/recipes/2731/grilled-aubergine-with-creamy-dressing
"

          Scandi smoked salmon potatoes        
",/recipes/10590/scandi-smoked-salmon-potatoes
"

          Pineapple & passion fruit cheesecake        
",/recipes/3499/pineapple-and-passion-fruit-cheesecake
"

          Red berry coulis        
",/recipes/red-berry-coulis
"

          Egg mayo & watercress rolls        
",/recipes/1162674/egg-mayo-and-watercress-rolls
"

          Courgette, bacon & brie gratin        
",/recipes/2986/courgette-bacon-and-brie-gratin
"

          Seeded flatbreads        
",/recipes/2837665/seeded-flatbreads
"

          Cheese, rosemary & potato loaf        
",/recipes/12348/cheese-rosemary-and-potato-loaf
"

          Sesame salmon subs with cucumber pickle        
",/recipes/2530/sesame-salmon-subs-with-cucumber-pickle
"

          Sweet potato & chipotle mash        
",/recipes/2667640/sweet-potato-and-chipotle-mash
"

          Crab & leek pasties        
",/recipes/1573642/crab-and-leek-pasties
"

          Mushroom & thyme risotto        
",/recipes/725649/mushroom-and-thyme-risotto
"

          Acquacotta        
",/recipes/acquacotta
"

          Crispy pretzel chicken with honey-mustard sauce        
",/recipes/1959639/crispy-pretzel-chicken-with-honeymustard-sauce
"

          Skinny pepper, tomato & ham omelette        
",/recipes/1507665/skinny-pepper-tomato-and-ham-omelette
"

          Sausage & stuffing toad-in-the-hole with onion gravy        
",/recipes/2972674/sausage-and-stuffing-toadinthehole-with-onion-grav
"

          Pan-fried pork with maple & mustard sauce        
",/recipes/3941/panfried-pork-with-maple-and-mustard-sauce
"

          Angela's 'flexible' jam recipe        
",/recipes/11750/angelas-flexible-jam-recipe
"

          Easy strawberry ice cream        
",/recipes/531636/easy-strawberry-ice-cream
"

          Neeps & tatties        
",/recipes/1677/neeps-and-tatties
"

          Honey mustard chicken pot with parsnips        
",/recipes/9582/honey-mustard-chicken-pot-with-parsnips
"

          Honey-roast carrots        
",/recipes/3497/honeyroast-carrots
"

          Warm chickpea, chilli & feta salad        
",/recipes/877640/warm-chickpea-chilli-and-feta-salad
"

          Fish with peas & lettuce        
",/recipes/2906/fish-with-peas-and-lettuce
"

          Stir-fried chicken with broccoli & brown rice        
",/recipes/stir-fried-chicken-broccoli-brown-rice
"

          Chicken & pomegranate bulghar pilaf        
",/recipe/chicken-pomegranate-bulghar-pilaf
"

          Custard filling        
",/recipes/custard-filling
"

          Gooey toffee puddings        
",/recipes/gooey-toffee-puddings
"

          Creamy asparagus puffs        
",/recipes/creamy-asparagus-puffs
"

          Cranberry & cream cheese muffins        
",/recipes/997636/cranberry-and-cream-cheese-muffins
"

          Gooseberry & elderflower jam        
",/recipes/gooseberry-elderflower-jam
"

          Rhubarb buckle        
",/recipes/rhubarb-buckle
"

          Simple snowflake cake        
",/recipes/8193/simple-snowflake-cake
"

          Glazed orange carrots        
",/recipes/3191/glazed-orange-carrots
"

          Fish pie with potato crust        
",/recipes/3019687/fish-pie-with-potato-crust
"

          Alaskan yule log        
",/recipes/alaskan-yule-log
"

          Sausages with quick onion gravy        
",/recipes/1363633/sausages-with-quick-onion-gravy
"

          English summer salad        
",/recipes/11231/english-summer-salad
"

          Asian noodle & turkey soup        
",/recipes/5095/asian-noodle-and-turkey-soup
"

          Minced chicken & prawn lettuce parcels        
",/recipes/minced-chicken-prawn-lettuce-parcels
"

          Cauliflower cheese & bacon quiche        
",/recipes/1435/cauliflower-cheese-and-bacon-quiche
"

          Fresh cherry cake with a hint of cinnamon        
",/recipes/2414/fresh-cherry-cake-with-a-hint-of-cinnamon
"

          Baked eggs with spinach & tomato        
",/recipes/1649636/baked-eggs-with-spinach-and-tomato
"

          Cheese & bacon scones        
",/recipes/cheese-bacon-scones
"

          Mediterranean fish gratins        
",/recipes/mediterranean-fish-gratins
"

          Salmon & spinach with tartare cream        
",/recipes/5872/salmon-and-spinach-with-tartare-cream
"

          Roasted carrot, spelt, fennel & blood orange salad        
",/recipes/roasted-carrot-spelt-fennel-blood-orange-salad
"

          Prawn & guacamole blinis        
",/recipes/2898/prawn-and-guacamole-blinis
"

          Garlicky pumpkin risotto        
",/recipes/1835/garlicky-pumpkin-risotto
"

          Date & buckwheat granola with pecans & seeds        
",/recipes/date-buckwheat-granola-pecans-seeds
"

          Dagmar's detox salad        
",/recipes/1314/dagmars-detox-salad
"

          Pork schnitzel        
",/recipes/1022635/pork-schnitzel
"

          Brie & cranberry twists        
",/recipes/2760975/brie-and-cranberry-twists
"

          Salmon & dill fish cakes in 4 easy steps        
",/recipes/3491/salmon-and-dill-fish-cakes-in-4-easy-steps
"

          Root vegetable mash        
",/recipes/1135646/root-vegetable-mash
"

          Prawn piperade        
",/recipes/2402/prawn-piperade
"

          Braised peas with bacon, lentils & cod        
",/recipes/4389/braised-peas-with-bacon-lentils-and-cod
"

          Stir-fry green curry beef with asparagus & sugar snaps        
",/recipes/stir-fry-green-curry-beef-asparagus-sugar-snaps
"

          Buttered carrots        
",/recipes/2220644/buttered-carrots
"

          Somerset Pomona, apple & almond cake        
",/recipes/2905/somerset-pomona-apple-and-almond-cake
"

          Spinach, bacon & white bean salad        
",/recipes/2196646/spinach-bacon-and-white-bean-salad
"

          Roasted cod with easy watercress sauce & roasted cherry tomatoes        
",/recipes/1875/roasted-cod-with-easy-watercress-sauce-and-roasted
"

          Truffled crushed potatoes        
",/recipes/8266/truffled-crushed-potatoes
"

          Pasta with prawns, mascarpone & lemon        
",/recipes/1841654/pasta-with-prawns-mascarpone-and-lemon
"

          Rosy rhubarb compote        
",/recipes/3293/rosy-rhubarb-compote
"

          Ham & tarragon pot pie        
",/recipes/ham-tarragon-pot-pie
"

          Chinese steamed bass with cabbage        
",/recipes/5589/chinese-steamed-bass-with-cabbage
"

          Elderflower & gooseberry vodka        
",/recipes/elderflower-gooseberry-vodka
"

          Mexican sweet potato soup        
",/recipes/mexican-sweet-potato-soup
"

          Brown butter basted radishes        
",/recipes/3147700/brown-butter-basted-radishes
"

          Dense & dark chocolate loaf        
",/recipes/9073/dense-and-dark-chocolate-loaf
"

          Gingery compote crunch        
",/recipes/3416/gingery-compote-crunch
"

          Baby Gem lettuce with Marie Rose dressing        
",/recipes/2766661/baby-gem-lettuce-with-marie-rose-dressing
"

          Seafood, pineapple & coconut kebabs        
",/recipes/seafood-pineapple-coconut-kebabs
"

          Chunky Mediterranean tomato soup        
",/recipes/chunky-mediterranean-tomato-soup
"

          Rustic strawberry tart        
",/recipes/rustic-strawberry-tart
"

          Lemon tart with summer berries        
",/recipes/6591/lemon-tart-with-summer-berries
"

          Early harvest-time salad        
",/recipes/2352/early-harvesttime-salad
"

          Paneer with broccoli & sesame        
",/recipes/1108642/paneer-with-broccoli-and-sesame
"

          Eggs Benedict with smoked salmon & chives        
",/recipes/73606/eggs-benedict-with-smoked-salmon-and-chives
"

          Meringue nest cheesecake with mini eggs        
",/recipes/no-bake-meringue-nest-cheesecake-mini-eggs
"

          Peppered mackerel, new potato & watercress salad        
",/recipes/1267639/peppered-mackerel-new-potato-and-watercress-salad
"

          Pan-fried venison with blackberry sauce        
",/recipes/4811/panfried-venison-with-blackberry-sauce
"

          Crispy Japanese-style chicken burgers        
",/recipes/crispy-japanese-style-chicken-burgers
"

          Penne with chorizo & broccoli        
",/recipes/3074682/penne-with-chorizo-and-broccoli
"

          Smoked haddock kedgeree        
",/recipes/2256/smoked-haddock-kedgeree
"

          New potatoes with spinach & capers        
",/recipes/new-potatoes-spinach-capers
"

          Hey presto paella        
",/recipes/1636/hey-presto-paella
"

          Double chocolate cheesecake        
",/recipes/8248/double-chocolate-cheesecake
"

          Crispy bacon & sausage carbonara        
",/recipes/3018689/crispy-bacon-and-sausage-carbonara
"

          Sausage & noodle stir-fry        
",/recipes/4851/sausage-and-noodle-stirfry
"

          Anjou pear cake        
",/recipes/786678/anjou-pear-cake
"

          Crunchy prawn noodle salad        
",/recipes/7748/crunchy-prawn-noodle-salad
"

          Bourbon-glazed pork belly chunks        
",/recipes/2760973/bourbonglazed-pork-belly-chunks
"

          Wild pesto        
",/recipes/wild-pesto
"

          Indian lamb with spiced pumpkin pickle        
",/recipes/778634/indian-lamb-with-spiced-pumpkin-pickle
"

          Chocolate, peanut butter & avocado pudding        
",/recipes/chocolate-peanut-butter-avocado-pudding
"

          Spiced potted crab        
",/recipes/1368633/spiced-potted-crab
"

          Ultimate pizza Margherita        
",/recipes/2053/ultimate-pizza-margherita
"

          Ginger cake with caramel frosting        
",/recipes/3019676/ginger-cake-with-caramel-frosting
"

          Cajun chicken gumbo        
",/recipes/2155636/cajun-chicken-gumbo
"

          Stuffed marrow bake        
",/recipes/1568644/stuffed-marrow-bake
"

          Ready-to-go wraps        
",/recipes/4667/readytogo-wraps
"

          Cantabrian prawn cocktail        
",/recipes/cantabrian-prawn-cocktail
"

          Iced coffee        
",/recipes/iced-coffee
"

          Basa gede (Balinese spice paste)        
",/recipes/basa-gede-balinese-spice-paste
"

          Sticky ribs with corn salad        
",/recipes/9585/sticky-ribs-with-corn-salad
"

          Caramel panettone pud        
",/recipes/1174/caramel-panettone-pud
"

          Mustard potato salad        
",/recipes/2415/mustard-potato-salad
"

          Lemon crusted salmon with herby new potatoes & green beans        
",/recipes/1201/lemon-crusted-salmon-with-herby-new-potatoes-and-g
"

          Spicy blackberry chutney        
",/recipes/2643/spicy-blackberry-chutney
"

          Spicy turkey sweet potatoes        
",/recipes/spicy-turkey-sweet-potatoes
"

          Yogurt & spice crusted roast potatoes        
",/recipes/1263695/yogurt-and-spice-crusted-roast-potatoes
"

          Smoked haddock & sweetcorn chowder with herby garlic bread        
",/recipes/smoked-haddock-sweetcorn-chowder-herby-garlic-bread
"

          Herby buttermilk mash        
",/recipes/2667645/herby-buttermilk-mash
"

          Sticky toffee puddings        
",/recipes/1107637/sticky-toffee-puddings
"

          Marinated fig & mozzarella salad        
",/recipes/1457/marinated-fig-and-mozzarella-salad
"

          Chorizo & rosemary pearl barley risotto        
",/recipes/chorizo-rosemary-pearl-barley-risotto
"

          Summer chicken & basil stew        
",/recipes/587632/summer-chicken-and-basil-stew
"

          20-minute rice supper        
",/recipes/2549/20minute-rice-supper
"

          Pork meatballs in red pepper sauce        
",/recipes/587627/pork-meatballs-in-red-pepper-sauce
"

          Patchwork orchard pie        
",/recipes/2534645/patchwork-orchard-pie
"

          Warm chicken salad        
",/recipes/3995/warm-chicken-salad
"

          Lamb & fennel spaghetti Bolognese        
",/recipes/lamb-fennel-spaghetti-bolognese
"

          Sesame paneer wraps        
",/recipes/sesame-paneer-wraps
"

          Spicy roast potatoes        
",/recipes/13243/spicy-roast-potatoes
"

          The ultimate makeover: Steak & kidney pie        
",/recipes/13015/the-ultimate-makeover-steak-and-kidney-pie
"

          Onglet with red wine shallots        
",/recipes/onglet-red-wine-shallots
"

          Strawberry & white chocolate millefeuille        
",/recipes/558628/strawberry-and-white-chocolate-millefeuille
"

          Purple sprouting broccoli with garlic & sesame        
",/recipes/1283/purple-sprouting-broccoli-with-garlic-and-sesame
"

          Rainbow orzo salad        
",/recipes/rainbow-orzo-salad
"

          Chilli bean baguettes        
",/recipes/1585/chilli-bean-baguettes
"

          Mascarpone & pineapple cheesecake        
",/recipes/mascarpone-pineapple-cheesecake
"

          Roast leg of lamb wrapped in rosemary        
",/recipes/2610/roast-leg-of-lamb-wrapped-in-rosemary
"

          Toffee tangerines        
",/recipes/1614/toffee-tangerines
"

          Pork & apple burgers with pickled red cabbage        
",/recipes/1088651/pork-and-apple-burgers-with-pickled-red-cabbage
"

          Pan-fried mackerel with orange salsa        
",/recipes/2037649/panfried-mackerel-with-orange-salsa
"

          Green club sandwich        
",/recipes/420617/green-club-sandwich
"

          Fruity tabbouleh with feta        
",/recipes/fruity-tabbouleh-feta
"

          Coronation chicken naans with Indian slaw        
",/recipes/2248668/coronation-chicken-naans-with-indian-slaw
"

          Butternut squash & spinach filo pie        
",/recipes/1973647/butternut-squash-and-spinach-filo-pie
"

          Melon granita        
",/recipes/1904/melon-granita
"

          Jazzed-up parsnip mash        
",/recipes/3249/jazzedup-parsnip-mash
"

          Black bean pork with noodles        
",/recipes/1257/black-bean-pork-with-noodles
"

          Banana & walnut loaf        
",/recipes/489639/banana-and-walnut-loaf
"

          Peruvian toasted sweetcorn, avocado & quinoa salad        
",/recipes/peruvian-toasted-sweetcorn-avocado-quinoa-salad
"

          Spiced sweet potato burgers with avocado & basil salsa        
",/recipes/spiced-sweet-potato-burgers-avocado-basil-salsa
"

          Green goddess smoothie bowl        
",/recipes/green-goddess-smoothie-bowl
"

          Goat's cheese, potato & onion tart        
",/recipes/1750/goats-cheese-potato-and-onion-tart
"

          Sticky pork with cranberries        
",/recipes/1039640/sticky-pork-with-cranberries
"

          Chilli con carne jackets        
",/recipes/chilli-con-carne-jackets
"

          Jumbleberry jam        
",/recipes/2253635/jumbleberry-jam
"

          Hot smoked salmon with new potatoes & watercress        
",/recipes/hot-smoked-salmon-new-potatoes-watercress
"

          Red lentil & chorizo soup        
",/recipes/3020698/red-lentil-and-chorizo-soup
"

          Chickpea patties with carrot & raisin salad        
",/recipes/chickpea-patties-carrot-raisin-salad
"

          Green mango salad with prawns        
",/recipes/1343/green-mango-salad-with-prawns
"

          Orange sorbet        
",/recipes/8760/orange-sorbet
"

          Cheesy chipotle potato skins        
",/recipes/2972682/cheesy-chipotle-potato-skins
"

          Almond florentines        
",/recipes/2358650/almond-florentines
"

          Quick fish stew        
",/recipes/3076673/quick-fish-stew
"

          Quinoa tabbouleh        
",/recipes/quinoa-tabbouleh
"

          Potato & spring onion breakfast pancakes        
",/recipes/potato-spring-onion-breakfast-pancakes
"

          Peach & almond crunch         
",/recipes/4535/peach-and-almond-crunch-
"

          Michelada (Mexican beer cocktail)        
",/recipes/1414634/michelada-mexican-beer-cocktail
"

          Classic potato salad        
",/recipes/75604/classic-potato-salad
"

          Corn cakes with avocado salsa        
",/recipes/10362/corn-cakes-with-avocado-salsa
"

          Mackerel with orange & harissa glaze        
",/recipes/2822/mackerel-with-orange-and-harissa-glaze
"

          Stollen spirals        
",/recipes/863654/stollen-spirals
"

          Blueberry, peach & soured cream muffins        
",/recipes/1866/blueberry-peach-and-soured-cream-muffins
"

          Tapenade chicken pasta with runner beans        
",/recipes/tapenade-chicken-pasta-runner-beans
"

          Vincisgrassi (Wild mushroom & prosciutto lasagne)        
",/recipes/vincisgrassi-wild-mushroom-prosciutto-lasagne
"

          Warm mushroom, lentil & goat's cheese salad        
",/recipes/8051/warm-mushroom-lentil-and-goats-cheese-salad
"

          Baby potato fondants        
",/recipes/1789638/baby-potato-fondants
"

          Fancy iced biscuits        
",/recipes/fancy-iced-biscuits
"

          Papaya, beansprout & mangetout salad        
",/recipes/papaya-beansprout-mangetout-salad
"

          Roast cod with paella & saffron olive oil        
",/recipes/2138651/roast-cod-with-paella-and-saffron-olive-oil
"

          Country apple cake        
",/recipes/2469640/country-apple-cake
"

          Sticky maple-glazed parsnips with pecans        
",/recipes/2751674/sticky-mapleglazed-parsnips-with-pecans
"

          Vegan cashew Parmesan        
",/recipes/vegan-cashew-parmesan
"

          White asparagus with Serrano ham & chive dressing         
",/recipes/10596/white-asparagus-with-serrano-ham-and-chive-dressin
"

          Tangy lemon pudding with lemon meringue ice cream        
",/recipes/853643/tangy-lemon-pudding-with-lemon-meringue-ice-cream
"

          Warm salad of scallops & bacon        
",/recipes/5055/warm-salad-of-scallops-and-bacon
"

          Florentine pizza        
",/recipes/3265/florentine-pizza
"

          Italian-style turkey crown with roast garlic & pancetta & lemon ciabatta stuffing        
",/recipes/1788639/italianstyle-turkey-crown-with-roast-garlic-and-pa
"

          Prawn & melon salad        
",/recipes/3297/prawn-and-melon-salad
"

          Kale & salmon kedgeree        
",/recipes/kale-salmon-kedgeree
"

          Roast chicken with butternut squash, chorizo & chilli        
",/recipes/9785/roast-chicken-with-butternut-squash-chorizo-and-ch
"

          Fastest-ever fish pie        
",/recipes/2999/fastestever-fish-pie
"

          Salted caramel brownies        
",/recipes/salted-caramel-brownies
"

          Mexican chicken & wild rice soup        
",/recipes/1413634/mexican-chicken-and-wild-rice-soup
"

          Chicken, fennel & tomato ragout         
",/recipes/4531/chicken-fennel-and-tomato-ragout-
"

          Mustard mash        
",/recipes/mustard-mash
"

          Peach & almond slices        
",/recipes/1396635/peach-and-almond-slices
"

          Prawn, butternut & mango curry        
",/recipes/prawn-butternut-mango-curry
"

          Frozen trifle ice cream cake        
",/recipes/frozen-trifle-ice-cream-cake
"

          Potato, parsnip & horseradish bake         
",/recipes/potato-parsnip-horseradish-bake
"

          Spicy chicken cacciatore        
",/recipes/339606/spicy-chicken-cacciatore
"

          Crushed potatoes        
",/recipes/4358/crushed-potatoes
"

          Chicken & ham lasagne        
",/recipes/chicken-ham-lasagne
"

          Honeyed nut & pomegranate pots        
",/recipes/honeyed-nut-pomegranate-pots
"

          Utterly foolproof rice        
",/recipes/3237/utterly-foolproof-rice
"

          Lightly spiced carrot soup        
",/recipes/12276/lightly-spiced-carrot-soup
"

          Rhubarb & vanilla jam        
",/recipes/251611/rhubarb-and-vanilla-jam
"

          Steak with mushroom puff tartlets        
",/recipes/9083/steak-with-mushroom-puff-tartlets
"

          Swiss cheese schnitzel        
",/recipes/3459/swiss-cheese-schnitzel
"

          Potato cakes with smoked salmon & cream cheese        
",/recipes/potato-cakes-smoked-salmon-cream-cheese
"

          Egg & new potato salad        
",/recipes/2473/egg-and-new-potato-salad
"

          Rocket with a charred lemon dressing        
",/recipes/rocket-charred-lemon-dressing
"

          Blitz 'n' blend mincemeat        
",/recipes/1002/blitz-n-blend-mincemeat
"

          Apple, elderflower & mint sparkle        
",/recipes/4638/apple-elderflower-and-mint-sparkle
"

          Christmas pudding ice cream        
",/recipes/christmas-pudding-ice-cream
"

          Patate in agrodolce (Sweet & sour warm potato salad)        
",/recipes/3307/patate-in-agrodolce-sweet-and-sour-warm-potato-sal
"

          Pea & new potato curry        
",/recipes/3084674/pea-and-new-potato-curry
"

          Mexican chicken stew        
",/recipes/531628/mexican-chicken-stew
"

          Chocolate owl cake        
",/recipes/2303680/chocolate-owl-cake
"

          Summer berries with sweet wine cream        
",/recipes/1369637/summer-berries-with-sweet-wine-cream
"

          Herby fondant potatoes        
",/recipes/2767666/herby-fondant-potatoes
"

          Brie bruschetta with tomato, herbs & Serrano ham        
",/recipes/164624/brie-bruschetta-with-tomato-herbs-and-serrano-ham
"

          Apple & date turnover        
",/recipes/827644/apple-and-date-turnover
"

          Strawberry & tarragon panna cotta        
",/recipes/3147698/strawberry-and-tarragon-panna-cotta
"

          Golden pilaf with sizzling merguez        
",/recipes/golden-pilaf-sizzling-merguez
"

          Cheat's clafoutis        
",/recipes/3318/cheats-clafoutis
"

          Multi mince        
",/recipes/1553/multi-mince
"

          Triple chocolate cookies        
",/recipes/408617/triple-chocolate-cookies
"

          Foccaccia rolls        
",/recipes/1582680/foccaccia-rolls
"

          Garlic prawn & asparagus tartlets        
",/recipes/1894/garlic-prawn-and-asparagus-tartlets
"

          Stuffing baubles        
",/recipes/stuffing-baubles
"

          Lovely lemon drizzle loaf        
",/recipes/lovely-lemon-drizzle-loaf
"

          Duck & pork terrine with cranberries & pistachios        
",/recipes/8202/duck-and-pork-terrine-with-cranberries-and-pistach
"

          Seared steak with celery & pepper caponata        
",/recipes/seared-steak-celery-pepper-caponata
"

          Italian-style roast pork with crispy crackling        
",/recipes/italian-style-roast-pork-crispy-crackling
"

          Safe-to-eat uncooked cookie dough        
",/recipes/safe-eat-uncooked-cookie-dough
"

          Steamed clams in saffron & spring green broth        
",/recipes/1128650/steamed-clams-in-saffron-and-spring-green-broth
"

          Cucumber salad with pickled red onions        
",/recipes/cucumber-salad-pickled-red-onions
"

          Baked olives with orange & bay        
",/recipes/2371/baked-olives-with-orange-and-bay
"

          Gnocchi with creamy tomato & spinach sauce        
",/recipes/10338/gnocchi-with-creamy-tomato-and-spinach-sauce
"

          Spicy baby aubergine stew with coriander & mint        
",/recipes/1263669/spicy-baby-aubergine-stew-with-coriander-and-mint
"

          Spiced pork patty baguette        
",/recipe/spiced-pork-patty-baguette
"

          Cinnamon-scented plum jam        
",/recipes/cinnamon-scented-plum-jam
"

          Harissa lamb & houmous flatbreads        
",/recipes/1088652/harissa-lamb-and-houmous-flatbreads
"

          Courgette fritters with dill & cucumber sauce        
",/recipes/courgette-fritters-dill-cucumber-sauce
"

          Butter bean & tomato salad        
",/recipes/1977/butter-bean-and-tomato-salad
"

          Bolognese-stuffed roast peppers        
",/recipes/bolognese-stuffed-roast-peppers
"

          Spicy tree biscuits        
",/recipes/147612/spicy-tree-biscuits
"

          Classic plum pie with custard        
",/recipes/7680/classic-plum-pie-with-custard
"

          Spaghetti with sardines        
",/recipes/1163643/spaghetti-with-sardines
"

          Summer berry fizz tartlets         
",/recipes/2268/summer-berry-fizz-tartlets-
"

          Fennel, blueberry & apple juice        
",/recipes/fennel-blueberry-apple-juice
"

          Cauliflower & tomato curry        
",/recipes/cauliflower-tomato-curry
"

          Penne with griddled steak, Stilton & shallots        
",/recipes/146605/penne-with-griddled-steak-stilton-and-shallots
"

          Nutty crusted fish        
",/recipes/13102/nutty-crusted-fish
"

          Minty bean & courgette dip with pitta crisps        
",/recipes/2360638/minty-bean-and-courgette-dip-with-pitta-crisps
"

          Pan-fried sea bass with citrus-dressed broccoli        
",/recipes/9111/panfried-sea-bass-with-citrusdressed-broccoli
"

          Griddled langoustines with hazelnut butter        
",/recipes/7770/griddled-langoustines-with-hazelnut-butter
"

          Cottage chilli hotpot        
",/recipes/166616/cottage-chilli-hotpot
"

          Lemon poppyseed cake        
",/recipes/lemon-poppyseed-cake
"

          Horseradish baked salmon        
",/recipes/5073/horseradish-baked-salmon
"

          One-pan roast dinner        
",/recipes/775657/onepan-roast-dinner
"

          Strawberry lemon sorbet        
",/recipes/2303/strawberry-lemon-sorbet
"

          Roasted squash salad with creamy homemade labneh        
",/recipes/3148676/roasted-squash-salad-with-creamy-homemade-labneh
"

          Red, white & blue jellies        
",/recipes/11249/red-white-and-blue-jellies
"

          Cinnamon berry granola bars        
",/recipes/7001/cinnamon-berry-granola-bars
"

          Steak & prosciutto skewers with sage & thyme         
",/recipes/2760/steak-and-prosciutto-skewers-with-sage-and-thyme-
"

          No-bake chocolate hazelnut cheesecake        
",/recipes/no-bake-chocolate-hazelnut-cheesecake
"

          Linguine with garlic butter prawns        
",/recipes/linguine-garlic-butter-prawns
"

          Shaved pear, cheese & bresaola salad        
",/recipes/shaved-pear-cheese-bresaola-salad
"

          Blueberry & lime cheesecake        
",/recipes/3105/blueberry-and-lime-cheesecake
"

          Last-minute Christmas pudding        
",/recipes/2715/lastminute-christmas-pudding
"

          Spring chicken traybake        
",/recipes/spring-chicken-traybake
"

          Buttered spinach with feta        
",/recipes/415617/buttered-spinach-with-feta
"

          Sugar & spice rock cakes        
",/recipes/2198645/sugar-and-spice-rock-cakes
"

          Spicy chicken kebabs        
",/recipes/1733/spicy-chicken-kebabs
"

          Christmas pudding Rice Krispie cakes        
",/recipes/christmas-pud-krispy-cakes
"

          Simple roast chicken        
",/recipes/1656638/simple-roast-chicken
"

          Fragrant pork with fennel slaw        
",/recipes/8091/fragrant-pork-with-fennel-slaw
"

          Pistachio & milk chocolate squares        
",/recipes/1161643/pistachio-and-milk-chocolate-squares
"

          Mixed winter greens with brown butter breadcrumbs        
",/recipes/8758/mixed-winter-greens-with-brown-butter-breadcrumbs
"

          Braised beef in red wine        
",/recipes/166627/braised-beef-in-red-wine
"

          Damson jelly        
",/recipes/1409/damson-jelly
"

          Middle Eastern carrot & feta salad        
",/recipes/middle-eastern-carrot-feta-salad
"

          Mushroom risotto        
",/recipes/2364/mushroom-risotto
"

          Miso chicken & rice soup        
",/recipes/2536648/miso-chicken-and-rice-soup
"

          Spinach & nutmeg cannelloni        
",/recipes/spinach-nutmeg-cannelloni
"

          Spiced turkey burgers        
",/recipes/4833/spiced-turkey-burgers
"

          Pot-roast guinea fowl with lentils, Sherry & bacon        
",/recipes/2875670/potroast-guinea-fowl-with-lentils-sherry-and-bacon
"

          Bean, ham & egg salad        
",/recipes/1973643/bean-ham-and-egg-salad
"

          Sausage & mushroom lasagne        
",/recipe/sausage-mushroom-lasagne
"

          Marinated feta in thyme & chilli oil        
",/recipes/2358665/marinated-feta-in-thyme-and-chilli-oil
"

          Spicy potato soup        
",/recipes/4950/spicy-potato-soup
"

          Crispy Roast Duck        
",/recipes/3248/crispy-roast-duck
"

          Easy poached salmon with salsa verde        
",/recipes/2196648/easy-poached-salmon-with-salsa-verde
"

          Almond & lemon meringue roulade        
",/recipes/2195644/almond-and-lemon-meringue-roulade
"

          Naan bread pizza        
",/recipes/1133664/naan-bread-pizza
"

          Creamy cheese & potato bake        
",/recipes/72608/creamy-cheese-and-potato-bake
"

          Steak, roasted pepper & pearl barley salad        
",/recipes/3161698/steak-roasted-pepper-and-pearl-barley-salad
"

          Roast vegetable cassoulet        
",/recipes/3138/roast-vegetable-cassoulet
"

          Venison steaks with wild mushroom sauce        
",/recipes/venison-steaks-wild-mushroom-sauce
"

          Spiced egg & coriander mayonnaise vol-au-vent filling        
",/recipes/2219653/spiced-egg-and-coriander-mayonnaise-volauvent-fill
"

          Rosehip cordial        
",/recipes/1660640/rosehip-cordial
"

          Banana & custard pots        
",/recipes/764653/banana-and-custard-pots
"

          Lamb chops with smoky aubergine salad        
",/recipes/4665/lamb-chops-with-smoky-aubergine-salad
"

          Snow-capped fairy cakes        
",/recipes/3053/snowcapped-fairy-cakes
"

          Easy oven frittata        
",/recipes/3160/easy-oven-frittata
"

          Tandoori spiced sea bream        
",/recipes/749699/tandoori-spiced-sea-bream
"

          As-you-like-it Christmas cake        
",/recipes/850633/asyoulikeit-christmas-cake
"

          Macaroni cheese in 4 easy steps        
",/recipes/5240/macaroni-cheese-in-4-easy-steps
"

          Chorizo, pork belly & chickpea casserole         
",/recipes/1940707/chorizo-pork-belly-and-chickpea-casserole-
"

          Red lentil & carrot soup        
",/recipes/red-lentil-carrot-soup
"

          Tarator-style salmon        
",/recipes/tarator-style-salmon
"

          Sherry & almond Christmas cake        
",/recipes/8162/sherry-and-almond-christmas-cake
"

          Lighter vegetable lasagne        
",/recipes/lighter-vegetable-lasagne
"

          White & dark chocolate terrine        
",/recipes/10213/white-and-dark-chocolate-terrine
"

          Buttered rum Christmas cake        
",/recipes/buttered-rum-christmas-cake
"

          Ramen with chicken bone broth, pork shoulder, soft-boiled egg & greens        
",/recipes/ramen-chicken-bone-broth-pork-shoulder-soft-boiled-egg-greens
"

          Scandi meatballs        
",/recipes/scandi-meatballs
"

          Minty lamb kebabs        
",/recipes/3414/minty-lamb-kebabs
"

          St Lucia saffron buns        
",/recipes/st-lucia-saffron-buns
"

          Salt & pepper turkey        
",/recipes/2179/salt-and-pepper-turkey
"

          Cucumber pappardelle        
",/recipes/2519/cucumber-pappardelle
"

          Prawn & scallop 'coctel'        
",/recipes/73612/prawn-and-scallop-coctel
"

          Chicken liver & mushroom nests        
",/recipes/72612/chicken-liver-and-mushroom-nests
"

          Smoked salmon with capers & pickled shallots        
",/recipes/smoked-salmon-capers-pickled-shallots
"

          Buttermilk & sultana scones        
",/recipe/buttermilk-sultana-scones
"

          Brooklyn blackout cake        
",/recipes/brooklyn-blackout-cake
"

          Mexican bean burgers with lime yogurt & salsa        
",/recipes/9978/mexican-bean-burgers-with-lime-yogurt-and-salsa
"

          Marinated figs with prosciutto, mozzarella & basil        
",/recipes/1601/marinated-figs-with-prosciutto-mozzarella-and-basi
"

          Courgette fritters        
",/recipes/2990/courgette-fritters
"

          Sweet mustard salmon with garlicky veg        
",/recipes/1889/sweet-mustard-salmon-with-garlicky-veg
"

          Hazelnut crunch mince pies        
",/recipes/hazelnut-crunch-mince-pies
"

          Chicken tikka with spiced rice        
",/recipes/2141640/chicken-tikka-with-spiced-rice
"

          Bramley Apple and Wensleydale Cobbler        
",/recipes/3251/bramley-apple-and-wensleydale-cobbler
"

          Caramelised onion & barley soup with cheese croutons        
",/recipes/1841649/caramelised-onion-and-barley-soup-with-cheese-crou
"

          Pine nut & honey tart        
",/recipes/155631/pine-nut-and-honey-tart
"

          Sicilian aubergine, pine nut & raisin fusilli        
",/recipes/531667/sicilian-aubergine-pine-nut-and-raisin-fusilli
"

          Cheat's pistachio ice cream        
",/recipes/1369646/cheats-pistachio-ice-cream
"

          Peppermint petticoat tails shortbread        
",/recipes/2958677/peppermint-petticoat-tails-shortbread
"

          Smoked salmon & bean dip with crispy pittas        
",/recipes/2103/smoked-salmon-and-bean-dip-with-crispy-pittas
"

          Oriental slaw        
",/recipes/2360640/oriental-slaw
"

          Broad beans with tomatoes & anchovies         
",/recipes/1908/broad-beans-with-tomatoes-and-anchovies-
"

          Melon & rose granita        
",/recipes/4615/melon-and-rose-granita
"

          Thai spiced turkey patties with noodle salad        
",/recipes/1658643/thai-spiced-turkey-patties-with-noodle-salad
"

          Steamed sea bass with black bean sauce        
",/recipes/412628/steamed-sea-bass-with-black-bean-sauce
"

          Chicken breasts with rosemary, pine nuts & verjuice        
",/recipes/3093/chicken-breasts-with-rosemary-pine-nuts-and-verjui
"

          Quick pickled onions        
",/recipes/quick-pickled-onions
"

          Red lentil & squash dhal        
",/recipes/red-lentil-squash-dhal
"

          Melting-middle aubergine parcels        
",/recipe/melting-middle-aubergine-parcels
"

          Prawn & coconut laksa        
",/recipes/12796/prawn-and-coconut-laksa
"

          Iced ginger shortcake        
",/recipes/290604/iced-ginger-shortcake
"

          Artichoke & pecorino bruschetta        
",/recipe/artichoke-pecorino-bruschetta
"

          Creamy courgette risotto        
",/recipes/creamy-courgette-risotto
"

          Carrot & sugar snap salad        
",/recipes/1411657/carrot-and-sugar-snap-salad
"

          Crunchy peanut banoffee sundae        
",/recipes/crunchy-peanut-banoffee-sundae
"

          Coconut quinoa & chia porridge        
",/recipes/coconut-quinoa-chia-porridge
"

          Balsamic roasted sausages with red veg         
",/recipes/666646/balsamic-roasted-sausages-with-red-veg-
"

          Vegan Yorkshire puddings        
",/recipes/vegan-yorkshire-puddings
"

          Sausage & cranberry stuffing        
",/recipes/890652/sausage-and-cranberry-stuffing
"

          Chocolate & cherry Eton mess        
",/recipes/chocolate-cherry-eton-mess
"

          Maple pears with pecans & cranberries        
",/recipes/2635/maple-pears-with-pecans-and-cranberries
"

          Zingy rice salad        
",/recipes/zingy-rice-salad
"

          Light & fruity Christmas pud        
",/recipes/2148/light-and-fruity-christmas-pud
"

          Sausage & fennel meatballs with lentils        
",/recipes/2892667/sausage-and-fennel-meatballs-with-lentils
"

          Roast lamb with avgolemono sauce        
",/recipes/2386/roast-lamb-with-avgolemono-sauce
"

          Succulent braised venison        
",/recipes/1935/succulent-braised-venison
"

          Beefy ciabattas        
",/recipes/2692/beefy-ciabattas
"

          Sweet potatoes with mushrooms & rosemary        
",/recipes/5157/sweet-potatoes-with-mushrooms-and-rosemary
"

          Mini prawn & sweetcorn cakes        
",/recipes/mini-prawn-sweetcorn-cakes
"

          Roast lamb with spring herb crumbs        
",/recipes/2063668/roast-lamb-with-spring-herb-crumbs
"

          Sticky upside-down banana cake        
",/recipes/sticky-upside-down-banana-cake
"

          Griddle scones with honey        
",/recipes/1709/griddle-scones-with-honey
"

          Olive oil bread        
",/recipes/1162642/olive-oil-bread
"

          Smoked trout & bulgar wheat salad        
",/recipes/2652/smoked-trout-and-bulgar-wheat-salad
"

          Braised beef with red wine & cranberry        
",/recipes/2265/braised-beef-with-red-wine-and-cranberry
"

          Roast chicken & roots        
",/recipes/roast-chicken-roots
"

          Pea & mint soup         
",/recipes/1907/pea-and-mint-soup-
"

          Bean & sausage hotpot        
",/recipes/339607/bean-and-sausage-hotpot
"

          Liver parfait with Sauternes jelly        
",/recipes/liver-parfait-sauternes-jelly
"

          Summer duck salad        
",/recipes/summer-duck-salad
"

          Caramelised white chocolate, ginger caramel & macadamia tarts        
",/recipes/edd-kimbers-caramelised-white-chocolate-ginger-caramel-macadamia-tarts
"

          Tear & share pasty        
",/recipes/tear-share-pasty
"

          Lighter Sweet & sour pork        
",/recipes/lighter-sweet-sour-pork
"

          Raspberry Coffee Time muffin        
",/recipes/2196/raspberry-coffee-time-muffin
"

          Fastest-ever lemon pudding        
",/recipes/5598/fastestever-lemon-pudding
"

          Peach & blueberry grunt        
",/recipes/1553651/peach-and-blueberry-grunt
"

          Green rice with beetroot & apple salsa        
",/recipes/green-rice-beetroot-apple-salsa
"

          Pineapple & ginger Pavlova        
",/recipes/pineapple-ginger-pavlova
"

          Passion fruit cream        
",/recipes/73614/passion-fruit-cream
"

          Sausages with quick onion gravy & sweet potato chips        
",/recipes/1352/sausages-with-quick-onion-gravy-and-sweet-potato-c
"

          Creamy avo lollies        
",/recipes/creamy-avo-lollies
"

          Falafel burgers        
",/recipes/falafel-burgers
"

          Late-summer green salad        
",/recipes/2845/latesummer-green-salad
"

          Spicy mini meatloaves        
",/recipes/1022638/spicy-mini-meatloaves
"

          Vegetable jalfrezi        
",/recipes/3074680/vegetable-jalfrezi
"

          Blue cheese gnocchi        
",/recipes/1118/blue-cheese-gnocchi
"

          Asparagus & courgette fritters with fresh tomato & ginger chutney        
",/recipe/asparagus-courgette-fritters-fresh-tomato-ginger-chutney
"

          Low-fat turkey Bolognese        
",/recipes/low-fat-turkey-bolognese
"

          Salted almond brittle        
",/recipes/3203/salted-almond-brittle
"

          Bread & butter pudding        
",/recipes/bread-butter-pudding
"

          Nettle soup        
",/recipes/2137636/nettle-soup
"

          Blackberry queen of pudding pots        
",/recipes/12233/blackberry-queen-of-pudding-pots
"

          Tuna, olive & rocket pizzas        
",/recipes/2940669/tuna-olive-and-rocket-pizzas
"

          Creamy potato salad with broad beans        
",/recipes/10589/creamy-potato-salad-with-broad-beans
"

          Pizza pie        
",/recipes/pizza-pie
"

          Homemade chocolate drops        
",/recipes/502631/homemade-chocolate-drops
"

          Celeriac & walnut gratin        
",/recipes/1187/celeriac-and-walnut-gratin
"

          Cumin pork chops with honey carrots        
",/recipes/cumin-pork-chops-honey-carrots
"

          Crab mac 'n' cheese bake        
",/recipes/crab-mac-n-cheese-bake
"

          Prawn & sweet potato cakes        
",/recipes/prawn-sweet-potato-cakes
"

          Gooseberry & almond streusel squares        
",/recipes/10879/gooseberry-and-almond-streusel-squares
"

          Eggless chocolate & beetroot blitz & bake cake        
",/recipes/eggless-chocolate-beetroot-blitz-bake-cake
"

          Croque madame with spinach salad        
",/recipes/764646/croque-madame-with-spinach-salad
"

          Harissa oil        
",/recipes/1818/harissa-oil
"

          Chicken arrabbiata        
",/recipes/2534662/chicken-arrabbiata
"

          Panettone        
",/recipes/panettone
"

          Roast chicken with wild mushrooms & garlic butter        
",/recipes/1771634/roast-chicken-with-wild-mushrooms-and-garlic-butte
"

          Chickpea mash        
",/recipes/chickpea-mash
"

          Chloe's pink tiramisu        
",/recipes/1263664/chloes-pink-tiramisu
"

          Walnut & coffee gateau        
",/recipes/848634/walnut-and-coffee-gateau
"

          Herby paneer parcels        
",/recipes/herby-paneer-parcels
"

          Guinness pudding with Whisky cream        
",/recipes/4857/guinness-pudding-with-whisky-cream
"

          One-pan lamb & couscous        
",/recipes/1741/onepan-lamb-and-couscous
"

          Cheese & chutney tostados        
",/recipes/1645/cheese-and-chutney-tostados
"

          Cumin chicken & avocado salad        
",/recipes/4433/cumin-chicken-and-avocado-salad
"

          The ultimate makeover: Chicken pie        
",/recipes/1112644/the-ultimate-makeover-chicken-pie
"

          Iced fairy cakes        
",/recipes/415618/iced-fairy-cakes
"

          Creamy artichoke soup with Parmesan skins        
",/recipes/creamy-artichoke-soup-parmesan-skins
"

          Gooseberry & elderflower fool        
",/recipes/2220647/gooseberry-and-elderflower-fool
"

          Mexican bake        
",/recipes/2469646/mexican-bake
"

          Swede temptation        
",/recipes/2955688/swede-temptation
"

          Breadless BLT        
",/recipes/breadless-blt
"

          Navarin d'agneau        
",/recipes/1263/navarin-dagneau
"

          Summery greens & goat's cheese crostini        
",/recipes/2587/summery-greens-and-goats-cheese-crostini
"

          Apricot & hazelnut stuffing        
",/recipes/3054/apricot-and-hazelnut-stuffing
"

          Oregano cheese skewers        
",/recipes/oregano-cheese-skewers
"

          Flatbread        
",/recipes/2064/flatbread
"

          Honey roasted fig & almond tart        
",/recipes/1460/honey-roasted-fig-and-almond-tart
"

          Apricot & almond bistro tart        
",/recipes/1630/apricot-and-almond-bistro-tart
"

          Mulled cider        
",/recipes/mulled-cider
"

          Home-style lamb curry        
",/recipes/home-style-lamb-curry
"

          Roast dinner for one        
",/recipes/roast-dinner-one
"

          Banana, walnut & chocolate chip loaf        
",/recipes/1916658/banana-walnut-and-chocolate-chip-loaf
"

          Spicy scrambled eggs with chapatis        
",/recipes/2976/spicy-scrambled-eggs-with-chapatis
"

          Rustic chestnut stuffing        
",/recipes/3052/rustic-chestnut-stuffing
"

          Balsamic braised beef        
",/recipes/757637/balsamic-braised-beef
"

          Herby fish fingers        
",/recipes/2611/herby-fish-fingers
"

          15-minute noodle supper        
",/recipes/2365/15minute-noodle-supper
"

          Chunky fudge & coffee ripple ice cream        
",/recipes/7045/chunky-fudge-and-coffee-ripple-ice-cream
"

          Beef, mushroom & greens stir-fry        
",/recipes/10360/beef-mushroom-and-greens-stirfry
"

          Seared beef with wild mushrooms & balsamic        
",/recipes/7675/seared-beef-with-wild-mushrooms-and-balsamic
"

          Mushroom, walnut & tomato baked peppers        
",/recipes/2220660/mushroom-walnut-and-tomato-baked-peppers
"

          Sausage & bean one-pot        
",/recipes/764647/sausage-and-bean-onepot
"

          Pearl barley, parsnip & sage risotto        
",/recipes/pearl-barley-parsnip-sage-risotto
"

          Foil-poached salmon with herby mayo        
",/recipes/3094695/foilpoached-salmon-with-herby-mayo
"

          Pea, prawn & lemon linguine        
",/recipes/3446/pea-prawn-and-lemon-linguine
"

          Spicy meatballs        
",/recipes/3428/spicy-meatballs
"

          Oriental steak salad        
",/recipes/2072/oriental-steak-salad
"

          Lamb shoulder with bay leaves & juniper berries        
",/recipes/lamb-shoulder-bay-leaves-juniper-berries
"

          Fig tartlets        
",/recipe/fig-tartlets
"

          Chicken, ginger & green bean hotpot        
",/recipes/2973682/chicken-ginger-and-green-bean-hotpot
"

          Prawn cocktail cups        
",/recipes/10194/prawn-cocktail-cups
"

          Ricotta dip with crushed tomatoes & bruschetta        
",/recipe/ricotta-dip-crushed-tomatoes-bruschetta
"

          Pods & sods with watercress        
",/recipes/pods-sods-watercress
"

          Little toffee apple cake        
",/recipes/749638/little-toffee-apple-cake
"

          Lemon & rosemary traybake lamb        
",/recipe/lemon-rosemary-traybake-lamb
"

          Apfelstrudel sidecar        
",/recipes/apfelstrudel-sidecar
"

          Bagels for brunch        
",/recipes/1088/bagels-for-brunch
"

          Hasselback roasties        
",/recipes/146613/hasselback-roasties
"

          Baked haddock & cabbage risotto        
",/recipes/3460/baked-haddock-and-cabbage-risotto
"

          Mini croque monsieurs        
",/recipes/mini-croque-monsieurs
"

          Honey-roasted carrots        
",/recipes/honey-roasted-carrots
"

          Dishy fish chowder        
",/recipes/3288/dishy-fish-chowder
"

          Carbonnade flamande        
",/recipes/1236/carbonnade-flamande
"

          Instant berry banana slush        
",/recipes/instant-berry-banana-slush
"

          Apricot & seed protein bar        
",/recipes/apricot-seed-protein-bar
"

          Honey-orange poached plums        
",/recipes/honey-orange-poached-plums
"

          Barbecued mackerel with ginger, chilli & lime drizzle         
",/recipes/4465/barbecued-mackerel-with-ginger-chilli-and-lime-dri
"

          Skewered beef with oyster sauce        
",/recipes/12468/skewered-beef-with-oyster-sauce
"

          Simple seafood platter        
",/recipes/5027/simple-seafood-platter
"

          Pastel de choclo - corn cake        
",/recipes/pastel-de-choclo-corn-cake
"

          Blitz-and-bake beetroot & chocolate cake        
",/recipes/7663/blitzandbake-beetroot-and-chocolate-cake
"

          Peanut butter parfait with cherry compote        
",/recipes/2138652/peanut-butter-parfait-with-cherry-compote
"

          Antipasti skewers        
",/recipes/antipasti-skewers
"

          Tomato & melon salad        
",/recipes/1411633/tomato-and-melon-salad
"

          Cashew chicken        
",/recipes/cashew-chicken
"

          Easter muffins        
",/recipes/3346/easter-muffins
"

          Wild venison, field mushroom & ale pudding        
",/recipes/13398/wild-venison-field-mushroom-and-ale-pudding
"

          Toaster pitta pockets        
",/recipes/679638/toaster-pitta-pockets
"

          Spiced pea & potato rolls        
",/recipes/1263656/spiced-pea-and-potato-rolls
"

          Rice & bean enchiladas        
",/recipes/1569634/rice-and-bean-enchiladas
"

          Moroccan-spiced tuna         
",/recipes/2727/moroccanspiced-tuna-
"

          Rudolph cupcakes        
",/recipes/2768691/rudolph-cupcakes
"

          Black bean, tofu & avocado rice bowl        
",/recipes/black-bean-tofu-avocado-rice-bowl
"

          Jerk pork & pineapple skewers with black beans & rice        
",/recipes/2253640/jerk-pork-and-pineapple-skewers-with-black-beans-a
"

          Cherry crumble pies        
",/recipes/6543/cherry-crumble-pies
"

          Warm salad of chargrilled courgettes & salmon        
",/recipes/2987/warm-salad-of-chargrilled-courgettes-and-salmon
"

          Rosewater & pistachio kulfi with griddled mangoes        
",/recipes/4572/rosewater-and-pistachio-kulfi-with-griddled-mangoe
"

          Mango & passion fruit pavlova roulade        
",/recipes/1101/mango-and-passion-fruit-pavlova-roulade
"

          Spring-into-summer pasta        
",/recipes/2073/springintosummer-pasta
"

          Crab & lemon spaghetti        
",/recipes/1850/crab-and-lemon-spaghetti
"

          BBQ lamb with peas, mint & feta        
",/recipes/4464/bbq-lamb-with-peas-mint-and-feta
"

          Broad bean pilau        
",/recipes/4395/broad-bean-pilau
"

          Seared chicken & asparagus with mango salsa        
",/recipes/1799/seared-chicken-and-asparagus-with-mango-salsa
"

          Slow-cooked bean casserole        
",/recipes/3067/slowcooked-bean-casserole
"

          Spinach madeleine        
",/recipes/848636/spinach-madeleine
"

          Cucumber & pea salad        
",/recipes/2066647/cucumber-and-pea-salad
"

          Herb rolled pork loin with crackling        
",/recipes/4641/herb-rolled-pork-loin-with-crackling
"

          Spelt spaghetti with chilli, sprouting broccoli & pancetta        
",/recipes/spelt-spaghetti-chilli-sprouting-broccoli-pancetta
"

          How to use up honey        
",/recipes/2910/how-to-use-up-honey
"

          Smoky beans on toast        
",/recipes/smoky-beans-toast
"

          Celeriac, potato & rosemary gratin        
",/recipes/12802/celeriac-potato-and-rosemary-gratin
"

          Pavlova cake with berries & cream        
",/recipes/1272644/pavlova-cake-with-berries-and-cream
"

          Bread & walnut sauce        
",/recipes/4928/bread-and-walnut-sauce
"

          Mini meatloaves        
",/recipes/8833/mini-meatloaves
"

          Choc-orange energy boosters        
",/recipes/choc-orange-energy-boosters
"

          Triple-decker steak sandwich        
",/recipes/4682/tripledecker-steak-sandwich
"

          Cheat's cauli-macaroni cheese        
",/recipes/3074/cheats-caulimacaroni-cheese
"

          Rainbow rippled meringues        
",/recipes/rainbow-rippled-meringues
"

          Roasted vegetable & feta tostada        
",/recipes/1658642/roasted-vegetable-and-feta-tostada
"

          Fragrant chicken curry with chick peas        
",/recipes/1233/fragrant-chicken-curry-with-chick-peas
"

          Amaranth porridge with green tea & ginger compote        
",/recipes/amaranth-porridge-green-tea-ginger-compote
"

          Chocolate & pistachio mousses        
",/recipes/2471/chocolate-and-pistachio-mousses
"

          Cajun chicken        
",/recipes/4733/cajun-chicken
"

          Reindeer cake pops        
",/recipes/reindeer-cake-pops
"

          Yaki udon        
",/recipes/yaki-udon
"

          Kadala curry        
",/recipes/kadala-curry
"

          Spatchcocked chicken with soft cheese & basil        
",/recipes/1396638/spatchcocked-chicken-with-soft-cheese-and-basil
"

          Caramel sauce        
",/recipes/8167/caramel-sauce
"

          Kale & chorizo broth        
",/recipes/3438/kale-and-chorizo-broth
"

          Squid with brandy & cream        
",/recipes/335618/squid-with-brandy-and-cream
"

          Lamb chops with fruity couscous & mint        
",/recipes/8837/lamb-chops-with-fruity-couscous-and-mint
"

          Slow-roasted rhubarb with ginger ice cream        
",/recipes/472637/slowroasted-rhubarb-with-ginger-ice-cream
"

          Tangy trout with a simple garden salad        
",/recipes/1974/tangy-trout-with-a-simple-garden-salad
"

          Broccoli pesto pasta        
",/recipes/1473/broccoli-pesto-pasta
"

          Celeriac, cavolo nero & bacon mash        
",/recipes/2667646/celeriac-cavolo-nero-and-bacon-mash
"

          Steamed white rice        
",/recipes/steamed-white-rice
"

          Hot salami & courgette flatbread        
",/recipes/2121674/hot-salami-and-courgette-flatbread
"

          Sausage & broccoli pasta        
",/recipes/826644/sausage-and-broccoli-pasta
"

          Rhubarb & coconut ripples        
",/recipes/1886/rhubarb-and-coconut-ripples
"

          Brie & potato pizza        
",/recipes/1244/brie-and-potato-pizza
"

          Herby aubergine & tomato salad        
",/recipes/1503/herby-aubergine-and-tomato-salad
"

          Merlot-poached pears with vanilla & cinnamon        
",/recipes/merlot-poached-pears-vanilla-cinnamon
"

          Buttery chilli prawns        
",/recipes/1912639/buttery-chilli-prawns
"

          Minced beef cobbler        
",/recipes/843636/minced-beef-cobbler
"

          Nearly spring peas        
",/recipes/1974658/nearly-spring-peas
"

          Griddled cornbread with devilled eggs & avocado        
",/recipes/griddled-cornbread-devilled-eggs-avocado
"

          Spinach & pepper frittata        
",/recipes/spinach-pepper-frittata
"

          Prawn, grapefruit & avocado salad        
",/recipes/4408/prawn-grapefruit-and-avocado-salad
"

          Beef noodle salad with stem ginger dressing        
",/recipe/beef-noodle-salad-stem-ginger-dressing
"

          Cucumber & coriander G&T        
",/recipes/1508662/cucumber-and-coriander-gandt
"

          Cheese & courgette pesto pudding        
",/recipes/cheese-courgette-pesto-pudding
"

          Soy-glazed beef        
",/recipes/1510/soyglazed-beef
"

          Pizza rolls        
",/recipes/11190/pizza-rolls
"

          Chilli chicken curry        
",/recipes/1324/chilli-chicken-curry
"

          Curried carrot & lentil soup        
",/recipes/curried-carrot-lentil-soup
"

          Buttermilk scones        
",/recipes/1976/buttermilk-scones
"

          Butternut squash casserole         
",/recipes/2888/butternut-squash-casserole-
"

          Seared scallops with sweet chilli sauce        
",/recipes/12538/seared-scallops-with-sweet-chilli-sauce
"

          Spicy meatballs with chilli black beans        
",/recipes/spicy-meatballs-chilli-black-beans
"

          Chicken tikka burgers        
",/recipe/chicken-tikka-burgers
"

          Lemon drizzle cakes        
",/recipes/1272635/lemon-drizzle-cakes
"

          Christmas pear & chocolate tiramisu trifle        
",/recipes/53603/christmas-pear-and-chocolate-tiramisu-trifle
"

          Big ham salad        
",/recipes/1039639/big-ham-salad
"

          Cornish crab bisque with lemony croutons        
",/recipes/cornish-crab-bisque-lemony-croutons
"

          Smoky beef stew        
",/recipes/748653/smoky-beef-stew
"

          Spicy fish cakes with mango dipping sauce        
",/recipes/1913641/spicy-fish-cakes-with-mango-dipping-sauce
"

          Herbed potato salad        
",/recipes/3164/herbed-potato-salad
"

          Homemade ketchup        
",/recipes/12392/homemade-ketchup
"

          Spiced rice pudding with blackberry compote        
",/recipes/spiced-rice-pudding-blackberry-compote
"

          Crackle roast pork with sausage-stuffed apples & onions        
",/recipes/crackle-roast-pork-sausage-stuffed-apples-onions
"

          Noodles with turkey, green beans & hoisin        
",/recipes/826637/noodles-with-turkey-green-beans-and-hoisin
"

          Bean & pasta stew with meatballs        
",/recipes/1120677/bean-and-pasta-stew-with-meatballs
"

          Saucy roast sausages with lentils        
",/recipes/13132/saucy-roast-sausages-with-lentils
"

          Red onion, cherry tomato & rosemary fougasse        
",/recipes/335608/red-onion-cherry-tomato-and-rosemary-fougasse
"

          Salmon with leeks & parsnip mash        
",/recipes/1162646/salmon-with-leeks-and-parsnip-mash
"

          Chilli for a crowd        
",/recipes/chilli-crowd
"

          Mars bar mousses        
",/recipes/3394/mars-bar-mousses
"

          Pea & soya bean salad with fresh dill        
",/recipes/10050/pea-and-soya-bean-salad-with-fresh-dill
"

          Ham, mushroom & spinach frittata        
",/recipes/ham-mushroom-spinach-frittata
"

          Salmon with avocado & grapefruit        
",/recipes/3302/salmon-with-avocado-and-grapefruit
"

          Cheesy garlic bread wedges        
",/recipes/1839/cheesy-garlic-bread-wedges
"

          Stargazy pasties        
",/recipe/stargazy-pasties
"

          Classic pumpkin pie with pecan & maple cream        
",/recipes/7733/classic-pumpkin-pie-with-pecan-and-maple-cream
"

          Roasted red pepper shots        
",/recipes/851654/roasted-red-pepper-shots
"

          Sausage rolls        
",/recipes/749633/sausage-rolls
"

          Microwave kale & chilli eggs        
",/recipes/microwave-kale-chilli-eggs
"

          Mango & passion fruit roulade        
",/recipes/5142/mango-and-passion-fruit-roulade
"

          Squash & barley salad with balsamic vinaigrette        
",/recipes/7995/squash-and-barley-salad-with-balsamic-vinaigrette
"

          Crunchy custard-baked apples        
",/recipes/2972678/crunchy-custardbaked-apples
"

          Lemon & thyme turkey burgers        
",/recipes/531659/lemon-and-thyme-turkey-burgers
"

          Baked Swiss chard        
",/recipes/baked-swiss-chard
"

          Spiced citrus bean soup        
",/recipes/9833/spiced-citrus-bean-soup
"

          Golden orange & walnut flapjacks        
",/recipes/1430/golden-orange-and-walnut-flapjacks
"

          Spinach & tomato tortillas        
",/recipes/1375/spinach-and-tomato-tortillas
"

          Quince crumble tart        
",/recipes/1660646/quince-crumble-tart
"

          All-American chocolate chunk cookies        
",/recipes/1769/allamerican-chocolate-chunk-cookies
"

          Thai mango, chilli & lime cups        
",/recipes/889644/thai-mango-chilli-and-lime-cups
"

          Smoked haddock & colcannon        
",/recipes/1814/smoked-haddock-and-colcannon
"

          Mushroom stroganoff        
",/recipes/1898646/mushroom-stroganoff
"

          Spiced apple snaps fizz        
",/recipes/spiced-apple-snaps-fizz
"

          Sugar-dusted passion cake        
",/recipes/9257/sugardusted-passion-cake
"

          Seriously rich chocolate cake        
",/recipes/1337/seriously-rich-chocolate-cake
"

          Linguine with watercress & almond pesto        
",/recipes/2121664/linguine-with-watercress-and-almond-pesto
"

          Cinnamon pancakes with compote & maple syrup        
",/recipes/355605/cinnamon-pancakes-with-compote-and-maple-syrup
"

          Sticky jerk salmon with mango slaw        
",/recipes/sticky-jerk-salmon-mango-slaw
"

          Warm salad of chicken livers, smoked paprika & Sherry        
",/recipes/10777/warm-salad-of-chicken-livers-smoked-paprika-and-sh
"

          Tuna pasta bake        
",/recipes/1897694/tuna-pasta-bake
"

          Buttery trout with capers        
",/recipes/3966/buttery-trout-with-capers
"

          Bacheldre Welsh clay-pot bread        
",/recipes/1610/bacheldre-welsh-claypot-bread
"

          Korean crusted roast lamb        
",/recipes/korean-crusted-roast-lamb
"

          Nettle & blue cheese rarebit        
",/recipes/1575637/nettle-and-blue-cheese-rarebit
"

          Spiced sweet potato salad with crisp noodles        
",/recipes/8048/spiced-sweet-potato-salad-with-crisp-noodles
"

          Ultimate kedgeree        
",/recipes/1937/ultimate-kedgeree
"

          Mousse au chocolat        
",/recipes/1266/mousse-au-chocolat
"

          Puy lentil, spiced roast carrot & feta salad        
",/recipes/1262639/puy-lentil-spiced-roast-carrot-and-feta-salad
"

          Crunchy chicken strips        
",/recipes/5071/crunchy-chicken-strips
"

          Oven egg & chips        
",/recipes/1362/oven-egg-and-chips
"

          Tomato & courgette stew        
",/recipe/tomato-courgette-stew
"

          Caramelised apple & walnut strudel        
",/recipes/7681/caramelised-apple-and-walnut-strudel
"

          Creamy crab & pea pasta        
",/recipes/10873/creamy-crab-and-pea-pasta
"

          Pretty princess cake        
",/recipes/pretty-princess-cake
"

          South Indian coconut & prawn curry        
",/recipes/south-indian-coconut-prawn-curry
"

          Brazilian pork stew with corn dumplings        
",/recipes/brazilian-pork-stew-corn-dumplings
"

          Blueberry & mint iced tea        
",/recipes/blueberry-mint-iced-tea
"

          Grilled salmon tacos with avocado salsa        
",/recipes/grilled-salmon-tacos-avocado-salsa
"

          Lemon chicken with spring veg noodles        
",/recipes/5856/lemon-chicken-with-spring-veg-noodles
"

          Cucumber & fennel salad        
",/recipes/588657/cucumber-and-fennel-salad
"

          Papas a lo pobre with chorizo        
",/recipes/papas-lo-pobre-chorizo
"

          Warm Stilton salad        
",/recipes/2079/warm-stilton-salad
"

          Thai pork & peanut curry        
",/recipes/2838670/thai-pork-and-peanut-curry
"

          Hot butter bean salad with lemon        
",/recipes/7721/hot-butter-bean-salad-with-lemon
"

          Pork with fruit bowl salad        
",/recipes/3001/pork-with-fruit-bowl-salad
"

          Chocolate-dipped cardamom fudge        
",/recipes/chocolate-dipped-cardamom-fudge
"

          Aubergine & pepper salad        
",/recipes/644642/aubergine-and-pepper-salad
"

          Nutty Florentine bars        
",/recipes/nutty-florentine-bars
"

          Pumpkin falafel pockets        
",/recipes/1647633/pumpkin-falafel-pockets
"

          Hot salmon parcel        
",/recipes/2292/hot-salmon-parcel
"

          Mango & cardamom syllabub        
",/recipes/5085/mango-and-cardamom-syllabub
"

          Lemon & poppy seed gateaux        
",/recipes/lemon-poppy-seed-gateaux
"

          Lamb, chickpea & spinach curry with masala mash        
",/recipes/1518/lamb-chickpea-and-spinach-curry-with-masala-mash
"

          Pork satay        
",/recipes/1916648/pork-satay
"

          Broccoli soup with crispy croutons & goat's cheese        
",/recipes/1401/broccoli-soup-with-crispy-croutons-and-goats-chees
"

          Curried pasta salad        
",/recipes/2360657/curried-pasta-salad
"

          Cherry chocolate meringue pots        
",/recipes/1088658/cherry-chocolate-meringue-pots
"

          Guinness & honey glazed pork loin        
",/recipes/2648/guinness-and-honey-glazed-pork-loin
"

          Sticky fig lamb cutlets with warm bean & couscous salad        
",/recipes/2892669/sticky-fig-lamb-cutlets-with-warm-bean-and-couscou
"

          Sesame beef wraps        
",/recipes/4951/sesame-beef-wraps
"

          Chunky root vegetable soup with cheesy pesto toasts        
",/recipes/1758658/chunky-root-vegetable-soup-with-cheesy-pesto-toast
"

          Black velvet        
",/recipes/3471/black-velvet
"

          Crumbly chicken & mixed vegetable pie        
",/recipes/3429/crumbly-chicken-and-mixed-vegetable-pie
"

          Simmered duck with cabbage & potato        
",/recipes/1311/simmered-duck-with-cabbage-and-potato
"

          Slow-roasted pork shoulder with leeks, apricots & thyme        
",/recipes/2604640/slowroasted-pork-shoulder-with-leeks-apricots-and-
"

          Sweetcorn dippers with sugar & spice        
",/recipes/681656/sweetcorn-dippers-with-sugar-and-spice
"

          Green bean minestrone        
",/recipes/559632/green-bean-minestrone
"

          Creamy barley & squash risotto        
",/recipes/3019684/creamy-barley-and-squash-risotto
"

          Salmon with sesame, soy & ginger noodles        
",/recipes/salmon-sesame-soy-ginger-noodles
"

          Smoked salmon with lentil salad        
",/recipes/997638/smoked-salmon-with-lentil-salad
"

          Crunchy chickpea salad        
",/recipes/1047/crunchy-chickpea-salad
"

          Instant meatballs with penne pasta        
",/recipes/2602/instant-meatballs-with-penne-pasta
"

          Creamy risotto layer cake        
",/recipe/creamy-risotto-layer-cake
"

          Moroccan spiced mince with couscous        
",/recipes/1725/moroccan-spiced-mince-with-couscous
"

          Mexican wraps with simple salsa        
",/recipes/2330/mexican-wraps-with-simple-salsa
"

          No-cook chocolate tart         
",/recipes/4629/nocook-chocolate-tart-
"

          Ham hock & lentils        
",/recipes/1341/ham-hock-and-lentils
"

          Fish cakes with vegetables        
",/recipes/1485/fish-cakes-with-vegetables
"

          Spiced rice with kippers & poached eggs        
",/recipes/1444/spiced-rice-with-kippers-and-poached-eggs
"

          Salted caramel parsnips        
",/recipes/salted-caramel-parsnips
"

          Appleberry mulled wine        
",/recipes/1625/appleberry-mulled-wine
"

          Sweet chilli dogs        
",/recipes/2195645/sweet-chilli-dogs
"

          Lemony chicken skewers, herbed new potatoes & apple coleslaw        
",/recipes/lemony-chicken-skewers-herbed-new-potatoes-apple-coleslaw
"

          Turkey tortilla pie        
",/recipes/2610643/turkey-tortilla-pie
"

          North African chicken tagine        
",/recipes/1091641/north-african-chicken-tagine
"

          Butternut & chorizo spaghetti        
",/recipes/3407/butternut-and-chorizo-spaghetti
"

          Lemony crumbed turkey with broccoli-bean smash        
",/recipes/2838671/lemony-crumbed-turkey-with-broccolibean-smash
"

          Whiting in a bag        
",/recipes/2828/whiting-in-a-bag
"

          Chocolate milkshake        
",/recipes/chocolate-milkshake
"

          Orange & coriander drizzle cake        
",/recipes/orange-coriander-drizzle-cake
"

          Mary Cadogan's tartiflette        
",/recipes/1185/mary-cadogans-tartiflette
"

          Funky feta skewers        
",/recipes/2835661/funky-feta-skewers
"

          No-cook Asian prawn coleslaw        
",/recipes/4696/nocook-asian-prawn-coleslaw
"

          All-in-one spring roast chicken        
",/recipes/2037637/allinone-spring-roast-chicken
"

          Fruity shortcake swirl        
",/recipes/2259/fruity-shortcake-swirl
"

          Cheat's Knickerbockers        
",/recipes/1411/cheats-knickerbockers
"

          Zingy salmon & brown rice salad        
",/recipes/1395639/zingy-salmon-and-brown-rice-salad
"

          Prosciutto-wrapped peaches         
",/recipes/4603/prosciuttowrapped-peaches-
"

          Prawn cocktail salad        
",/recipes/3146679/prawn-cocktail-salad
"

          Spicy fennel linguine with sardines & capers        
",/recipes/spicy-fennel-linguine-sardines-capers
"

          Hot & spicy sweet potatoes        
",/recipes/1857/hot-and-spicy-sweet-potatoes
"

          Best-ever onion rings        
",/recipes/best-ever-onion-rings
"

          Crushed potato colcannon with bacon & poached eggs        
",/recipes/crushed-potato-colcannon-bacon-poached-eggs
"

          Asparagus & crab salad        
",/recipes/468648/asparagus-and-crab-salad
"

          Avocado & strawberry smoothie        
",/recipes/avocado-strawberry-smoothie
"

          Spicy bean tostadas with pickled onions & radish salad        
",/recipe/spicy-bean-tostadas-pickled-onions-radish-salad
"

          Griddled glazed vegetable kebabs        
",/recipes/588651/griddled-glazed-vegetable-kebabs
"

          White fish with spicy beans and chorizo        
",/recipes/7692/white-fish-with-spicy-beans-and-chorizo
"

          Sticky chipolatas        
",/recipes/1837660/sticky-chipolatas
"

          Peach punch        
",/recipes/4619/peach-punch
"

          Cheesy eggy bread with chunky salad        
",/recipes/1506644/cheesy-eggy-bread-with-chunky-salad
"

          Spinach & ricotta gnocchi        
",/recipes/461631/spinach-and-ricotta-gnocchi
"

          Goat's cheese & watercress quiche        
",/recipes/1787/goats-cheese-and-watercress-quiche
"

          Creamy celery gratin        
",/recipes/8818/creamy-celery-gratin
"

          Cabbage with bacon & roots        
",/recipes/252605/cabbage-with-bacon-and-roots
"

          Chocolate & raspberry zebra cake        
",/recipes/2853661/chocolate-and-raspberry-zebra-cake
"

          Honey-mustard parsnip & potato bake        
",/recipes/2138669/honeymustard-parsnip-and-potato-bake
"

          Sticky rice & mango        
",/recipes/1344/sticky-rice-and-mango
"

          Super speedy chilli        
",/recipes/2037647/super-speedy-chilli
"

          Layered aubergine & lentil bake        
",/recipes/layered-aubergine-lentil-bake
"

          Peppery goat's cheese with SunBlush salad        
",/recipes/1783/peppery-goats-cheese-with-sunblush-salad
"

          Chilli cranberry sauce        
",/recipes/69618/chilli-cranberry-sauce
"

          Chocolate, raspberry & rose tart        
",/recipes/3148688/chocolate-raspberry-and-rose-tart
"

          Balinese chicken satay        
",/recipes/1184/balinese-chicken-satay
"

          Coronation turkey cups        
",/recipes/coronation-turkey-cups
"

          Steamed salmon & veg rice bowl        
",/recipes/steamed-salmon-veg-rice-bowl
"

          Bread sauce        
",/recipes/2730/bread-sauce
"

          Porcini, pancetta & spelt soup        
",/recipes/13109/porcini-pancetta-and-spelt-soup
"

          Smoky chicken skewers        
",/recipes/2138653/smoky-chicken-skewers
"

          Indian potato pancakes        
",/recipes/indian-potato-pancakes
"

          Butternut soup with crispy sage & apple croutons        
",/recipes/butternut-soup-crispy-sage-apple-croutons
"

          Spinach & smoked salmon egg muffins        
",/recipes/10131/spinach-and-smoked-salmon-egg-muffins
"

          Marzipan Eccles tarts        
",/recipes/1826707/marzipan-eccles-tarts
"

          Banana cake with pecan crumble crunch        
",/recipes/6067/banana-cake-with-pecan-crumble-crunch
"

          Chicken with saffron, raisins & pine nuts        
",/recipes/10778/chicken-with-saffron-raisins-and-pine-nuts
"

          Chilled cucumber & prawn skewers        
",/recipes/chilled-cucumber-prawn-skewers
"

          Cheat's scampi with chunky chips        
",/recipes/1167646/cheats-scampi-with-chunky-chips
"

          Herby new potatoes        
",/recipes/1105/herby-new-potatoes
"

          Kidney bean curry        
",/recipes/kidney-bean-curry
"

          Weaning recipe: Chicken meatballs        
",/recipes/chicken-meatballs
"

          Artichoke, red onion & rosemary risotto        
",/recipes/1162650/artichoke-red-onion-and-rosemary-risotto
"

          Cheesy chops & chips        
",/recipes/2036/cheesy-chops-and-chips
"

          Gnocchi with pancetta, spinach & Parmesan cream        
",/recipe/gnocchi-pancetta-spinach-parmesan-cream
"

          Bao buns with spicy pork        
",/recipes/bao-buns-spicy-pork
"

          Beef goulash soup        
",/recipes/beef-goulash-soup
"

          Iced coffee sundae        
",/recipes/3147/iced-coffee-sundae
"

          Caramelised onion & bacon tart        
",/recipes/2219677/caramelised-onion-and-bacon-tart
"

          Turkey meatballs in olive & courgette sauce        
",/recipes/turkey-meatballs-olive-courgette-sauce
"

          Marinated new potatoes         
",/recipes/2596/marinated-new-potatoes-
"

          Roast sirloin of beef        
",/recipes/2558/roast-sirloin-of-beef
"

          Grilled miso salmon with rice noodles        
",/recipes/grilled-miso-salmon-rice-noodles
"

          Roast poussins with wild mushroom sauce        
",/recipes/roast-poussins-wild-mushroom-sauce
"

          Crisp chicken burgers with lemon mayo        
",/recipes/4409/crisp-chicken-burgers-with-lemon-mayo
"

          Orange crunch creams with warm cherries        
",/recipes/757643/orange-crunch-creams-with-warm-cherries
"

          Roasted veg & couscous salad        
",/recipes/590629/roasted-veg-and-couscous-salad
"

          A risotto for early summer        
",/recipes/2369/a-risotto-for-early-summer
"

          Oriental cod & vegetables        
",/recipes/234604/oriental-cod-and-vegetables
"

          Welsh onion cake        
",/recipes/251633/welsh-onion-cake
"

          Chocolate, raspberry & rose Battenberg gateau        
",/recipes/chocolate-raspberry-rose-battenberg-gateau
"

          Miso pollock with cucumber & spring onion salad        
",/recipes/1959669/miso-pollack-with-cucumber-and-spring-onion-salad
"

          Gooseberry & elderflower mess        
",/recipe/gooseberry-elderflower-mess
"

          Lamb chops with griddled courgette & feta salad        
",/recipes/lamb-chops-griddled-courgette-feta-salad
"

          Pineapple, fig & ginger chutney        
",/recipes/8155/pineapple-fig-and-ginger-chutney
"

          Aubergine, tomato & feta baklava        
",/recipes/aubergine-tomato-feta-baklava
"

          Sizzling chicken platter        
",/recipes/2430/sizzling-chicken-platter
"

          Spicy prawn pizzas        
",/recipes/2875678/spicy-prawn-pizzas
"

          Flaked salmon salad with honey dressing        
",/recipes/flaked-salmon-salad-honey-dressing
"

          Eton mess scones        
",/recipes/2138643/eton-mess-scones
"

          Baked ham with brown sugar & mustard glaze        
",/recipes/1803655/baked-ham-with-brown-sugar-and-mustard-glaze
"

          Mini pork pies with piccalilli         
",/recipes/2248635/mini-pork-pies-with-piccalilli-
"

          Bitter orange & poppy seed cake        
",/recipes/3457/bitter-orange-and-poppy-seed-cake
"

          Honey & thyme carrots        
",/recipes/2063670/honey-and-thyme-carrots
"

          Sardines & watercress on toast        
",/recipes/1012/sardines-and-watercress-on-toast
"

          Maple granola crunch porridge topping        
",/recipes/2973684/maple-granola-crunch-porridge-topping
"

          Herby quinoa, feta & pomegranate salad        
",/recipes/2303648/herby-quinoa-feta-and-pomegranate-salad
"

          Summer vegetable roll-ups        
",/recipes/summer-vegetable-roll-ups
"

          Granny's Victoria sponge        
",/recipes/532634/grannys-victoria-sponge
"

          Moroccan-spiced cottage pies        
",/recipes/moroccan-spiced-cottage-pies
"

          Aubergine & goat's cheese pasta        
",/recipes/4830/aubergine-and-goats-cheese-pasta
"

          Spanish spinach omelette        
",/recipes/4685/spanish-spinach-omelette
"

          Chocolate ganache & salted caramel brittle        
",/recipes/chocolate-ganache-salted-caramel-brittle
"

          Griddled steak sandwich with olive & caper butter        
",/recipes/1508658/griddled-steak-sandwich-with-olive-and-caper-butte
"

          Salted caramel slices        
",/recipes/salted-caramel-slices
"

          Lentil ragu with courgetti        
",/recipes/lentil-ragu-courgetti
"

          Salsa chicken & cheese tortillas        
",/recipes/9787/salsa-chicken-and-cheese-tortillas
"

          Frozen banana yogurt        
",/recipes/frozen-banana-yogurt
"

          Little strawberry cheesecakes        
",/recipes/2360658/little-strawberry-cheesecakes
"

          Mustard-crusted new potatoes        
",/recipes/2095/mustardcrusted-new-potatoes
"

          Ultimate vanilla ice cream        
",/recipes/1881/ultimate-vanilla-ice-cream
"

          Autumn piccalilli with pear        
",/recipes/7729/autumn-piccalilli-with-pear
"

          Smoothie cubes        
",/recipes/4616/smoothie-cubes
"

          Roast loin of pork with sage & onion stuffing & gravy        
",/recipes/1272636/roast-loin-of-pork-with-sage-and-onion-stuffing-an
"

          Spicy prawn cocktail with tomato & coriander dressing        
",/recipes/3134/spicy-prawn-cocktail-with-tomato-and-coriander-dre
"

          Tomato salad with sizzled chorizo vinaigrette        
",/recipes/tomato-salad-sizzled-chorizo-vinaigrette
"

          Passion fruit teacup puddings        
",/recipes/3087688/passion-fruit-teacup-puddings
"

          Treacle tart hearts        
",/recipes/3381/treacle-tart-hearts
"

          Tamarind chicken with golden mash        
",/recipes/9066/tamarind-chicken-with-golden-mash
"

          Pasta with garlicky greens        
",/recipes/249605/pasta-with-garlicky-greens
"

          Mushroom & pepper melts        
",/recipes/mushroom-pepper-melts
"

          Chicory & orange salad with ginger dressing        
",/recipes/1387/chicory-and-orange-salad-with-ginger-dressing
"

          Jaffa drizzle loaf        
",/recipes/1927/jaffa-drizzle-loaf
"

          Pesto chicken kebabs with roasted veg pasta        
",/recipes/7422/pesto-chicken-kebabs-with-roasted-veg-pasta
"

          Saddle of lamb        
",/recipes/saddle-lamb
"

          Lamb kleftiko        
",/recipes/lamb-kleftiko
"

          Caesar salad with crispy chicken        
",/recipes/1959640/caesar-salad-with-crispy-chicken
"

          Apricot & ginger ham        
",/recipes/2762670/apricot-and-ginger-ham
"

          Broccoli with garlic & lemon        
",/recipes/1977641/broccoli-with-garlic-and-lemon
"

          Cranberry mince pies        
",/recipes/3036/cranberry-mince-pies
"

          Jewelled rice        
",/recipes/786645/jewelled-rice
"

          Lemon & garlic roast chicken with charred broccoli & sweet potato mash        
",/recipes/lemon-garlic-roast-chicken-charred-broccoli-sweet-potato-mash
"

          Chocolate & ginger baked peaches        
",/recipes/1807/chocolate-and-ginger-baked-peaches
"

          Roasted pepper, tuna & olive salad        
",/recipes/1366651/roasted-pepper-tuna-and-olive-salad
"

          White loaf        
",/recipes/1582640/white-loaf
"

          Courgette & anchovy salad        
",/recipe/courgette-anchovy-salad
"

          Griddled courgettes with pine nuts & feta        
",/recipes/1366648/griddled-courgettes-with-pine-nuts-and-feta
"

          Raspberry cranachan trifle        
",/recipes/8785/raspberry-cranachan-trifle
"

          Tuna, fennel & bean salad        
",/recipes/tuna-fennel-bean-salad
"

          Double-the-love chocolate cake        
",/recipes/1276636/doublethelove-chocolate-cake
"

          Baked olives with feta        
",/recipes/baked-olives-feta
"

          Pommes braytoises        
",/recipes/1661/pommes-braytoises
"

          Spiced vegetable pilaf        
",/recipes/588639/spiced-vegetable-pilaf
"

          Gooey chocolate cherry cookies        
",/recipes/9837/gooey-chocolate-cherry-cookies
"

          Slow-roast pork belly with celeriac & pear mash        
",/recipes/1974637/slowroast-pork-belly-with-celeriac-and-pear-mash
"

          Baby spinach bistro salad        
",/recipes/4432/baby-spinach-bistro-salad
"

          Scrambled egg muffin        
",/recipes/1402/scrambled-egg-muffin
"

          Rhubarb steamed pudding        
",/recipes/3157/rhubarb-steamed-pudding
"

          Beets, leeks & onions        
",/recipes/2521/beets-leeks-and-onions
"

          Herby lemon chicken with Tuscan beans        
",/recipes/691655/herby-lemon-chicken-with-tuscan-beans
"

          Halloumi aubergine burgers with harissa relish        
",/recipes/2196638/halloumi-aubergine-burgers-with-harissa-relish
"

          Sticky hoisin sausages        
",/recipes/2360660/sticky-hoisin-sausages
"

          Flowerpot chocolate chip muffins        
",/recipes/flowerpot-chocolate-chip-muffins
"

          Scandi smoked mackerel on rye        
",/recipes/scandi-smoked-mackerel-rye
"

          20-minute Fiorentina pizzas        
",/recipes/20-minute-fiorentina-pizzas
"

          Griddled rump steak with watercress, hazelnut & red chilli pesto        
",/recipes/10407/griddled-rump-steak-with-watercress-hazelnut-and-r
"

          Cranberry ripple cheese-cupcakes        
",/recipes/164630/cranberry-ripple-cheesecupcakes
"

          Cherry oat squares with chocolate drizzle        
",/recipes/2198643/cherry-oat-squares-with-chocolate-drizzle
"

          Ham, artichoke & lemon pilaf        
",/recipes/7022/ham-artichoke-and-lemon-pilaf
"

          Quick Croque-monsieur        
",/recipes/3558/quick-croquemonsieur
"

          Charred steak with chimichurri sauce        
",/recipes/2139/charred-steak-with-chimichurri-sauce
"

          Cheese & pesto whirls        
",/recipes/cheese-pesto-whirls
"

          Crispy fish & chips with mushy peas        
",/recipes/3411/crispy-fish-and-chips-with-mushy-peas
"

          Lamb & rosemary envelopes        
",/recipes/1017/lamb-and-rosemary-envelopes
"

          Smoked fish & cherry tomato rarebit        
",/recipes/1574/smoked-fish-and-cherry-tomato-rarebit
"

          Mandarin-in-the-middle Christmas pud        
",/recipes/mandarin-middle-christmas-pud
"

          Creamy yogurt porridge with apple & raisin compote         
",/recipes/creamy-yogurt-porridge-apple-raisin-compote-sunflower-seeds
"

          Jap Chae noodles with prawns        
",/recipes/jap-chae-noodles-prawns
"

          Herrings rolled with mustard & pancetta        
",/recipes/7674/herrings-rolled-with-mustard-and-pancetta
"

          Chunky butternut mulligatawny        
",/recipes/chunky-butternut-mulligatawny
"

          Quick prawn noodle soup        
",/recipes/826640/quick-prawn-noodle-soup
"

          Healthy banana & peanut butter ice cream        
",/recipes/healthy-banana-peanut-butter-ice-cream
"

          Sticky chilli roast chicken with rice salad        
",/recipes/13358/sticky-chilli-roast-chicken-with-rice-salad
"

          Chocolate fruitcake        
",/recipes/889651/chocolate-fruitcake
"

          Bircher muesli with apple & banana        
",/recipes/bircher-muesli-apple-banana
"

          Curried chickpeas        
",/recipes/1108641/curried-chickpeas
"

          Buttery shallot bread sauce        
",/recipes/69619/buttery-shallot-bread-sauce
"

          Coconut tuiles        
",/recipes/2706/coconut-tuiles
"

          Summer sausage rolls        
",/recipes/11610/summer-sausage-rolls
"

          Fish pie fillets        
",/recipes/3399/fish-pie-fillets
"

          Tomato tarts        
",/recipes/2942/tomato-tarts
"

          Pear & blackberry crumbles        
",/recipes/7682/pear-and-blackberry-crumbles
"

          Roast beef with red wine & banana shallots        
",/recipes/roast-beef-red-wine-banana-shallots
"

          Simple mint sauce        
",/recipes/2063672/simple-mint-sauce
"

          Tomato & chorizo rice        
",/recipes/tomato-chorizo-rice
"

          Game terrine        
",/recipes/2656636/game-terrine
"

          Mocha milkshake        
",/recipes/408616/mocha-milkshake
"

          Crunchy peanut & toffee bonbons        
",/recipes/crunchy-peanut-toffee-bonbons
"

          Roast duck two ways with spiced clementine sauce        
",/recipes/8263/roast-duck-two-ways-with-spiced-clementine-sauce
"

          Barbecued fennel with black olive dressing        
",/recipes/2358658/barbecued-fennel-with-black-olive-dressing
"

          Tuna & sweetcorn slice        
",/recipes/1897699/tuna-and-sweetcorn-slice
"

          Bacon & parsley hotcakes        
",/recipes/8239/bacon-and-parsley-hotcakes
"

          Sirloin with spiced butter, shallot salad, roasted carrots & mash        
",/recipes/1166652/sirloin-with-spiced-butter-shallot-salad-roasted-c
"

          Ultimate onion tart        
",/recipes/2957/ultimate-onion-tart
"

          Cucumber Martinis        
",/recipes/cucumber-martinis
"

          Tomato tart        
",/recipes/681646/tomato-tart
"

          Venison sausages with piquant beans        
",/recipes/venison-sausages-piquant-beans
"

          Family meals: Easy beef stew with sweet potato topping        
",/recipes/2303637/family-meals-easy-beef-stew-with-sweet-potato-topp
"

          Chocolate meringue Mont Blanc cake        
",/recipes/chocolate-meringue-mont-blanc-cake
"

          Cream cheese & cucumber fingers        
",/recipes/1162673/cream-cheese-and-cucumber-fingers
"

          Egg & rocket pizzas        
",/recipes/egg-rocket-pizzas
"

          Mini sausage rolls        
",/recipes/12541/mini-sausage-rolls
"

          Pesto sauce        
",/recipes/2494/pesto-sauce
"

          Pheasant, leek & bacon pie        
",/recipes/778652/pheasant-leek-and-bacon-pie
"

          Lemon syllabub        
",/recipes/4406/lemon-syllabub
"

          Duck liver & gin parfait        
",/recipes/1759638/duck-liver-and-gin-parfait
"

          Yule chocolate log        
",/recipes/3049/yule-chocolate-log
"

          Griddled halloumi with beetroot & orange        
",/recipes/3447/griddled-halloumi-with-beetroot-and-orange
"

          Sunshine Cobb salad        
",/recipes/sunshine-cobb-salad
"

          Herb-crusted haddock        
",/recipes/1742/herbcrusted-haddock
"

          Prawn, sweetcorn & runner bean pasta        
",/recipes/2915/prawn-sweetcorn-and-runner-bean-pasta
"

          Spinach with brown butter & capers        
",/recipes/3396/spinach-with-brown-butter-and-capers
"

          Steak in red wine sauce        
",/recipes/2653/steak-in-red-wine-sauce
"

          Kashmiri rogan josh        
",/recipes/kashmiri-rogan-josh
"

          Little Gem & pea salad        
",/recipes/little-gem-pea-salad
"

          Choc hazelnut truffles        
",/recipes/2768693/choc-hazelnut-truffles
"

          Thai prawn fried rice        
",/recipes/3146681/thai-prawn-fried-rice
"

          Sparkling snowflake cake        
",/recipes/2567/sparkling-snowflake-cake
"

          Spicy salmon tabbouleh        
",/recipe/spicy-salmon-tabbouleh
"

          Spicy Singaporean fish         
",/recipes/2190/spicy-singaporean-fish-
"

          Ham with boozy cranberry & mushroom sauce        
",/recipes/1149/ham-with-boozy-cranberry-and-mushroom-sauce
"

          Spiced chicken, spinach & sweet potato stew        
",/recipes/spiced-chicken-spinach-sweet-potato-stew
"

          Slow roast honey & sesame duck        
",/recipes/2968/slow-roast-honey-and-sesame-duck
"

          Minestrone pasta pot        
",/recipes/1465/minestrone-pasta-pot
"

          Flourless chocolate & pear cake        
",/recipes/8084/flourless-chocolate-and-pear-cake
"

          Egg & tomato baps        
",/recipes/egg-tomato-baps
"

          Triple chocolate cupcake kit        
",/recipes/992645/triple-chocolate-cupcake-kit
"

          The ultimate makeover: Onion tart        
",/recipes/1263698/the-ultimate-makeover-onion-tart
"

          Chocolate tea-pots        
",/recipes/2138641/chocolate-teapots
"

          Iced trifle slice        
",/recipes/1415682/iced-trifle-slice
"

          Brown butter new potatoes        
",/recipes/brown-butter-new-potatoes
"

          Bramley & walnut chutney        
",/recipes/bramley-walnut-chutney
"

          Bakewell trifles        
",/recipes/bakewell-trifles
"

          Singapore noodles        
",/recipes/2040655/singapore-noodles
"

          Pink jam slice        
",/recipes/pink-jam-slice
"

          Italian pork burger with fresh tomato salsa        
",/recipes/italian-pork-burger-fresh-tomato-salsa
"

          Crunchy feta & mint salad        
",/recipes/2301/crunchy-feta-and-mint-salad
"

          Rosy spritzers        
",/recipes/rosy-spritzers
"

          Honeybread biscuits        
",/recipes/honeybread-biscuits
"

          Speedy chef's salad        
",/recipes/2291/speedy-chefs-salad
"

          Lighter beef stew & dumplings        
",/recipes/lighter-beef-stew-dumplings
"

          Beef & salsa burgers        
",/recipes/3413/beef-and-salsa-burgers
"

          Melba sundaes        
",/recipes/3129/melba-sundaes
"

          Spaghetti with garlic mushrooms & prosciutto        
",/recipes/spaghetti-garlic-mushrooms-prosciutto
"

          Cheese & fruit sticks        
",/recipes/1215/cheese-and-fruit-sticks
"

          Salmon & leek parcels        
",/recipes/5607/salmon-and-leek-parcels
"

          Pan-fried & raw asparagus with goat's curd & beetroot        
",/recipes/pan-fried-raw-asparagus-goats-curd-beetroot
"

          Spiced coconut porridge with cranberry & orange compote        
",/recipes/spiced-coconut-porridge-cranberry-orange-compote
"

          Harissa chicken traybake with peppers & feta        
",/recipes/1841643/harissa-chicken-traybake-with-peppers-and-feta
"

          Stuffed courgette rolls        
",/recipes/2198/stuffed-courgette-rolls
"

          Ginger fairings        
",/recipes/2410636/ginger-fairings
"

          Cheese, bacon & onion puff        
",/recipes/9018/cheese-bacon-and-onion-puff
"

          Thai turkey filo dippers        
",/recipes/thai-turkey-filo-dippers
"

          Rosti-filled onions        
",/recipes/2881/rostifilled-onions
"

          Egg fried rice with prawns & peas        
",/recipes/11189/egg-fried-rice-with-prawns-and-peas
"

          Grilled lamb with houmous mash        
",/recipes/3983/grilled-lamb-with-houmous-mash
"

          Spotty Pudsey cake        
",/recipes/spotty-pudsey-cake
"

          Roasted sprouts with chestnuts & bacon        
",/recipes/2751672/roasted-sprouts-with-chestnuts-and-bacon
"

          Cheesy veg burgers        
",/recipes/2223/cheesy-veg-burgers
"

          Pork chops with bubble 'n' leek cakes        
",/recipes/1575634/pork-chops-with-bubble-n-leek-cakes
"

          Beetroot blinis with smoked salmon        
",/recipes/beetroot-blinis-smoked-salmon
"

          Lamb & apricot meatballs        
",/recipes/665637/lamb-and-apricot-meatballs
"

          Thai curry fish cakes with sweet chilli dressing        
",/recipes/thai-curry-fish-cakes-sweet-chilli-dressing
"

          Grapefruit, agave & pistachio salad        
",/recipes/2554641/grapefruit-agave-and-pistachio-salad
"

          Exotic avocado salad        
",/recipes/1855/exotic-avocado-salad
"

          Crunchy cauliflower, apple & blue cheese salad        
",/recipes/1577640/crunchy-cauliflower-apple-and-blue-cheese-salad
"

          Summer courgette ribbon salad        
",/recipes/summer-courgette-ribbon-salad
"

          Sprouts with chestnuts & crisp pancetta        
",/recipes/893647/sprouts-with-chestnuts-and-crisp-pancetta
"

          Crisp prosciutto, pea & mozzarella salad with mint vinaigrette        
",/recipes/10572/crisp-prosciutto-pea-and-mozzarella-salad-with-min
"

          Sticky glazed pork with spring onion couscous        
",/recipes/2225/sticky-glazed-pork-with-spring-onion-couscous
"

          Roasted red pepper sauce        
",/recipes/12335/roasted-red-pepper-sauce
"

          Roasted chilli prawns        
",/recipes/roasted-chilli-prawns
"

          Spanish stuffed marrow        
",/recipes/2493639/spanish-stuffed-marrow
"

          All-in-one chicken, potatoes & green beans        
",/recipes/559631/allinone-chicken-potatoes-and-green-beans
"

          Pasta with kale, chilli & mascarpone        
",/recipes/pasta-kale-chilli-mascarpone
"

          Frosted carrot squares        
",/recipes/775662/frosted-carrot-squares
"

          Roast tomatoes        
",/recipes/1575635/roast-tomatoes
"

          Sticky Chinese wings & cucumber        
",/recipes/3207/sticky-chinese-wings-and-cucumber
"

          Sweet potato falafels with coleslaw        
",/recipes/531629/sweet-potato-falafels-with-coleslaw
"

          Chocolate sponge with hot chocolate custard        
",/recipes/chocolate-sponge-hot-chocolate-custard
"

          Venison Wellington        
",/recipes/venison-wellington
"

          Fruit & nut Christmas pudding loaf        
",/recipes/78602/fruit-and-nut-christmas-pudding-loaf
"

          Courgette, pea & pesto soup        
",/recipes/1758636/courgette-pea-and-pesto-soup
"

          Courgette & goat's cheese tart        
",/recipes/10974/courgette-and-goats-cheese-tart
"

          Pandan steamed rice        
",/recipes/pandan-steamed-rice
"

          Cinnamon ice cream        
",/recipes/1098/cinnamon-ice-cream
"

          Witches' brew (Pea & bacon chowder)        
",/recipes/2748/witches-brew-pea-and-bacon-chowder
"

          Indonesian fried rice with mackerel        
",/recipes/1363637/indonesian-fried-rice-with-mackerel
"

          Mexican beef chilli        
",/recipes/1853639/mexican-beef-chilli
"

          Raspberry & pine nut bars        
",/recipes/2381/raspberry-and-pine-nut-bars
"

          Lighter fish chowder        
",/recipes/3161701/lighter-fish-chowder
"

          Onion bacon fougasse        
",/recipes/2062/onion-bacon-fougasse
"

          Super-green mackerel salad        
",/recipes/2853664/supergreen-mackerel-salad
"

          Churros with chocolate dipping sauce        
",/recipes/2459641/churros-with-chocolate-dipping-sauce
"

          Chicory & houmous bites        
",/recipes/2680/chicory-and-houmous-bites
"

          Selkirk Bannock        
",/recipes/1129665/selkirk-bannock
"

          Chickpea fritters with courgette salad        
",/recipes/3018687/chickpea-fritters-with-courgette-salad
"

          Lemony prawn & pea pasta        
",/recipes/62600/lemony-prawn-and-pea-pasta
"

          Pepper steak skewers with Bearnaise sauce         
",/recipes/2686/pepper-steak-skewers-with-bearnaise-sauce-
"

          Easy apple fruit cake        
",/recipes/2564/easy-apple-fruit-cake
"

          Southern fried fish finger sandwiches        
",/recipes/southern-fried-fish-finger-sandwiches
"

          Venison & wild mushroom Wellington        
",/recipes/76604/venison-and-wild-mushroom-wellington
"

          Laura's fruity chutney         
",/recipes/2775/lauras-fruity-chutney-
"

          Tia Maria & chocolate creams        
",/recipes/9086/tia-maria-and-chocolate-creams
"

          Oven-baked fish & chips        
",/recipes/1897684/ovenbaked-fish-and-chips
"

          Mulled red cabbage with clementines        
",/recipes/2767669/mulled-red-cabbage-with-clementines
"

          Berry almond tartlets with white chocolate        
",/recipes/2440/berry-almond-tartlets-with-white-chocolate
"

          Open prawn cocktail sandwich        
",/recipes/1507670/open-prawn-cocktail-sandwich
"

          Feta & cucumber bites        
",/recipes/2762667/feta-and-cucumber-bites
"

          Prawn, pomegranate & grapefruit salad        
",/recipes/2767662/prawn-pomegranate-and-grapefruit-salad
"

          All-American T-bone         
",/recipes/all-american-t-bone
"

          Italian-style stuffed aubergines        
",/recipes/1262642/italianstyle-stuffed-aubergines
"

          Shaved fennel, courgette & orange salad        
",/recipes/shaved-fennel-courgette-orange-salad
"

          Haricot beans with sausage & pancetta        
",/recipes/13239/haricot-beans-with-sausage-and-pancetta
"

          Warm salmon salad        
",/recipes/5156/warm-salmon-salad
"

          Baked apples        
",/recipes/749639/baked-apples
"

          Dried fruits in cognac        
",/recipes/2341/dried-fruits-in-cognac
"

          Salmon, squash & prawn laksa        
",/recipes/1813652/salmon-squash-and-prawn-laksa
"

          Sticky orange & marsala pudding        
",/recipes/3043/sticky-orange-and-marsala-pudding
"

          Harissa roasted tomatoes with couscous        
",/recipes/harissa-roasted-tomatoes-couscous
"

          Caramel custard apple tart        
",/recipes/2427/caramel-custard-apple-tart
"

          Healthier flapjacks        
",/recipes/2807671/healthier-flapjacks
"

          Summer greens & nectarines        
",/recipes/2995/summer-greens-and-nectarines
"

          The ultimate makeover: Blueberry muffins        
",/recipes/359605/the-ultimate-makeover-blueberry-muffins
"

          Pear & blueberry breakfast bowl        
",/recipes/pear-blueberry-breakfast-bowl
"

          Grilled corn with chilli mayonnaise, coriander & feta        
",/recipes/grilled-corn-chilli-mayonnaise-coriander-feta
"

          Pork with garlicky bean mash        
",/recipes/4767/pork-with-garlicky-bean-mash
"

          Avocado on toast with chorizo & fried eggs        
",/recipes/avocado-toast-chorizo-fried-eggs
"

          Avocado & leaf salad        
",/recipes/7040/avocado-and-leaf-salad
"

          Crunchy salsa cod        
",/recipes/crunchy-salsa-cod
"

          Full English potato cake        
",/recipes/2762668/full-english-potato-cake
"

          Trout with tomato sauce        
",/recipes/trout-tomato-sauce
"

          Pork & chickpea curry        
",/recipes/1913644/pork-and-chickpea-curry
"

          Griddled polenta with corn & green salsa        
",/recipes/11006/griddled-polenta-with-corn-and-green-salsa
"

          Spiced poached pears in chocolate sauce        
",/recipes/4680/spiced-poached-pears-in-chocolate-sauce
"

          Beetroot & mozzarella salad with maple dressing        
",/recipes/2534657/beetroot-and-mozzarella-salad-with-maple-dressing
"

          Easter Riviera Pie        
",/recipes/3336/easter-riviera-pie
"

          Fruity Caribbean curry        
",/recipes/fruity-caribbean-curry
"

          Sausage & bean casserole        
",/recipes/1649635/sausage-and-bean-casserole
"

          Tofu brekkie pancakes        
",/recipes/tofu-brekkie-pancakes
"

          Spaghetti with fresh tomato sauce        
",/recipe/spaghetti-fresh-tomato-sauce
"

          Sticky apple cups        
",/recipes/1819/sticky-apple-cups
"

          Sweetcorn fritters with slow-cooked tomatoes        
",/recipes/531666/sweetcorn-fritters-with-slowcooked-tomatoes
"

          Crunchy potatoes with dill & onions        
",/recipes/1108647/crunchy-potatoes-with-dill-and-onions
"

          Cheese & chive spread        
",/recipes/2360665/cheese-and-chive-spread
"

          Sea bass with sizzled ginger, chilli & spring onions        
",/recipes/3366/sea-bass-with-sizzled-ginger-chilli-and-spring-oni
"

          Tea-smoked salmon with herb mayonnaise        
",/recipes/2555637/teasmoked-salmon-with-herb-mayonnaise
"

          Sticky green stir-fry with beef        
",/recipes/7201/sticky-green-stirfry-with-beef
"

          Oven-baked sweet potato fajitas        
",/recipes/oven-baked-sweet-potato-fajitas
"

          Lamb meatball curry        
",/recipes/lamb-meatball-curry
"

          Creamy cider & sausage braise with apples & mash        
",/recipes/creamy-cider-sausage-braise-apples-mash
"

          Creamy Savoy cabbage with carrots        
",/recipes/1934/creamy-savoy-cabbage-with-carrots
"

          Orange & chocolate drizzle tart        
",/recipes/orange-chocolate-drizzle-tart
"

          Roast fillet of beef with mushroom stuffing        
",/recipes/73600/roast-fillet-of-beef-with-mushroom-stuffing
"

          Chicken wrap with sticky sweet potato, salad leaves & tomatoes        
",/recipes/chicken-wrap-sticky-sweet-potato-salad-leaves-tomatoes
"

          Pork Cordon bleu        
",/recipes/1102/pork-cordon-bleu
"

          Maple-glazed blueberry muffins        
",/recipes/maple-glazed-blueberry-muffins
"

          Big egg, bacon & bean salad        
",/recipes/691641/big-egg-bacon-and-bean-salad
"

          Cheesy celeriac, potato & bacon pie        
",/recipes/845645/cheesy-celeriac-potato-and-bacon-pie
"

          Sticky sausage burgers with blue cheese        
",/recipes/6348/sticky-sausage-burgers-with-blue-cheese
"

          Quinoa & apricot muffins        
",/recipes/quinoa-apricot-muffins
"

          Squash & coconut curry        
",/recipes/2619/squash-and-coconut-curry
"

          Warm grain salad with bacon, leeks & spinach        
",/recipes/warm-grain-salad-bacon-leeks-spinach
"

          Fennel & tomato gratin        
",/recipes/4392/fennel-and-tomato-gratin
"

          Lighter massaman chicken curry        
",/recipes/2853666/lighter-massaman-chicken-curry
"

          Salmon & broccoli lattice tart        
",/recipes/1267634/salmon-and-broccoli-lattice-tart
"

          Blueberry lemon cakes with cheesecake topping        
",/recipes/11584/blueberry-lemon-cakes-with-cheesecake-topping
"

          Maple & pear ruffle cake        
",/recipes/maple-pear-ruffle-cake
"

          Cheesy fish grills        
",/recipes/2251/cheesy-fish-grills
"

          Gooseberry & hazelnut slices        
",/recipes/2253636/gooseberry-and-hazelnut-slices
"

          Fruity mincemeat with almonds        
",/recipes/851638/fruity-mincemeat-with-almonds
"

          Hot Bloody Mary soup        
",/recipes/2604647/hot-bloody-mary-soup
"

          Honey mustard grilled salmon with Puy lentils        
",/recipes/honey-mustard-grilled-salmon-puy-lentils
"

          Mulled pear & cranberry punch        
",/recipes/2604641/mulled-pear-and-cranberry-punch
"

          Duck satay with peanut sauce        
",/recipes/12548/duck-satay-with-peanut-sauce
"

          Rosy quince & cranberry jelly        
",/recipes/rosy-quince-cranberry-jelly
"

          Salt & pepper squid         
",/recipes/2169/salt-and-pepper-squid-
"

          Cheat's chilli prawn noodles        
",/recipes/2249/cheats-chilli-prawn-noodles
"

          Chicken tandoori wraps        
",/recipes/chicken-tandoori-wraps
"

          Orange blossom cakes        
",/recipes/970633/orange-blossom-cakes
"

          Sharing potted shrimp        
",/recipes/2743666/sharing-potted-shrimp
"

          Venison with rhubarb chutney        
",/recipes/venison-rhubarb-chutney
"

          Almond-topped mince pies        
",/recipes/almond-topped-mince-pies
"

          Raymond Blanc's cassoulet        
",/recipes/1400/raymond-blancs-cassoulet
"

          Self-saucing chocolate pudding        
",/recipes/3028698/selfsaucing-chocolate-pudding
"

          Rabbit with mustard & bacon        
",/recipes/1272643/rabbit-with-mustard-and-bacon
"

          Kedgeree        
",/recipes/10421/kedgeree
"

          Zombie fingers        
",/recipes/zombie-fingers
"

          Chicken with chorizo & leeks        
",/recipes/10971/chicken-with-chorizo-and-leeks
"

          Quick pork with mild spices        
",/recipes/2806/quick-pork-with-mild-spices
"

          Pumpkin pancakes with salted pecan butterscotch        
",/recipes/pumpkin-pancakes-salted-pecan-butterscotch
"

          Lamb with lemon & dill        
",/recipes/1522/lamb-with-lemon-and-dill
"

          Hot cross cookies        
",/recipes/2066658/hot-cross-cookies
"

          Polenta pizza with purple sprouting broccoli & mozzarella        
",/recipes/polenta-pizza-purple-sprouting-broccoli-mozzarella
"

          Fruity summer Charlotte        
",/recipes/11748/fruity-summer-charlotte
"

          Griddled chicken with lemon & thyme         
",/recipes/1917/griddled-chicken-with-lemon-and-thyme-
"

          Teriyaki chicken meatballs with rice & greens        
",/recipes/2853679/teriyaki-chicken-meatballs-with-rice-and-greens
"

          Roasted stone fruits with vanilla        
",/recipes/4604/roasted-stone-fruits-with-vanilla
"

          Holiday pizzas        
",/recipe/summer-holiday-pizzas
"

          Pea & spring onion tart        
",/recipe/pea-spring-onion-tart
"

          Smoked salmon carbonara        
",/recipes/884646/smoked-salmon-carbonara
"

          Black velvet baby cakes        
",/recipes/1129661/black-velvet-baby-cakes
"

          Orange, oat & sultana cookies        
",/recipes/1112634/orange-oat-and-sultana-cookies
"

          American pecan pies        
",/recipes/5047/american-pecan-pies
"

          Iceberg salad with Roquefort dressing & bacon        
",/recipes/iceberg-salad-roquefort-dressing-bacon
"

          Mexican turkey salad bowl        
",/recipes/1167654/mexican-turkey-salad-bowl
"

          Cheese, leek & potato tortilla        
",/recipes/6021/cheese-leek-and-potato-tortilla
"

          One-pan English breakfast        
",/recipes/3183/onepan-english-breakfast
"

          Spicy plum & apple chutney        
",/recipes/12396/spicy-plum-and-apple-chutney
"

          Eccles cake        
",/recipes/1853650/eccles-cake
"

          Spanish eggs with chorizo & peppers        
",/recipe/spanish-eggs-chorizo-peppers
"

          Apple & grape chutney        
",/recipes/2604637/apple-and-grape-chutney
"

          Juicy Lucy pudding        
",/recipes/1037/juicy-lucy-pudding
"

          Frankenstein cupcakes        
",/recipes/frankenstein-cupcakes
"

          Very-berry oat crumble        
",/recipes/very-berry-oat-crumble
"

          Pippa's perfect plantains        
",/recipes/1856/pippas-perfect-plantains
"

          Danish pastries        
",/recipes/13097/danish-pastries
"

          Pickled onion rings        
",/recipes/pickled-onion-rings
"

          Pumpkin passion cupcakes        
",/recipes/1660650/pumpkin-passion-cupcakes
"

          One-pot chicken chasseur        
",/recipes/9100/onepot-chicken-chasseur
"

          Crunchy prawn & noodle salad        
",/recipes/2360676/crunchy-prawn-and-noodle-salad
"

          Grilled mackerel with harissa & coriander couscous        
",/recipes/1112635/grilled-mackerel-with-harissa-and-coriander-cousco
"

          Tuna & sundried tomato pasta bake        
",/recipes/tuna-sundried-tomato-pasta-bake
"

          Spiced damson cheese        
",/recipes/spiced-damson-cheese
"

          Pan-fried cod with champ        
",/recipes/1119/panfried-cod-with-champ
"

          Cherry & almond tarts        
",/recipes/2219676/cherry-and-almond-tarts
"

          Summer berry pie        
",/recipes/1415680/summer-berry-pie
"

          Seared beef with orange & chilli        
",/recipes/7063/seared-beef-with-orange-and-chilli
"

          Miniature omelettes with ricotta        
",/recipes/2759/miniature-omelettes-with-ricotta
"

          Christmas ham with sticky ginger glaze        
",/recipes/2309/christmas-ham-with-sticky-ginger-glaze
"

          Crab cakes with sweet chilli & ginger dipping sauce        
",/recipes/1091637/crab-cakes-with-sweet-chilli-and-ginger-dipping-sa
"

          Christmas pudding strudel        
",/recipes/886635/christmas-pudding-strudel
"

          Watercress & chicken stir-fry        
",/recipes/3724/watercress-and-chicken-stirfry
"

          Jumbo sausage roll with salsa beans        
",/recipes/jumbo-sausage-roll-salsa-beans
"

          Herby burgers with fennel slaw        
",/recipes/herby-burgers-fennel-slaw
"

          Pepper lime salmon with black-eyed beans        
",/recipes/1841641/pepper-lime-salmon-with-blackeyed-beans
"

          Prawn layered salad        
",/recipes/1568643/prawn-layered-salad
"

          Three-cheese cheesecake        
",/recipes/2264/threecheese-cheesecake
"

          Baked raspberry & lemon cheesecake         
",/recipes/1940698/baked-raspberry-and-lemon-cheesecake-
"

          Jerk chicken kebabs with mango salsa        
",/recipes/1413635/jerk-chicken-kebabs-with-mango-salsa
"

          Lobster, green bean & radicchio salad        
",/recipes/lobster-green-bean-radicchio-salad
"

          Squeamish squares        
",/recipes/873639/squeamish-squares
"

          Puff pastry        
",/recipes/2998685/puff-pastry
"

          Salsa spaghetti with sardines        
",/recipes/salsa-spaghetti-sardines
"

          Roasted beetroot & goat's cheese salad        
",/recipes/roasted-beetroot-goats-cheese-salad
"

          Summer party cake        
",/recipes/summer-party-cake
"

          Tofu & vegetable patties        
",/recipes/1369648/tofu-and-vegetable-patties
"

          White chocolate & raspberry cake        
",/recipes/johns-white-chocolate-raspberry-cake
"

          Gingery buttermilk scones        
",/recipes/1091640/gingery-buttermilk-scones
"

          The River Cafe's winter minestrone        
",/recipes/1732/the-river-cafes-winter-minestrone
"

          Orange & mint salad        
",/recipes/1076644/orange-and-mint-salad
"

          Halloween pumpkin cake        
",/recipes/4777/halloween-pumpkin-cake
"

          Mashed peppered roots with toasted hazelnuts        
",/recipes/mashed-peppered-roots-toasted-hazelnuts
"

          Orange pastry mince pies        
",/recipes/2768694/orange-pastry-mince-pies
"

          Sticky citrus chicken        
",/recipes/sticky-citrus-chicken
"

          Boozy berry & elderflower trifle        
",/recipes/2667/boozy-berry-and-elderflower-trifle
"

          Prawn & coconut curry        
",/recipes/5084/prawn-and-coconut-curry
"

          Tomato & onion salad        
",/recipes/2066645/tomato-and-onion-salad
"

          Loaded naans        
",/recipes/loaded-naans
"

          Smoked salmon terrine        
",/recipes/2807665/smoked-salmon-terrine
"

          Golden-glazed carrot, mushroom & hazelnut tart        
",/recipes/golden-glazed-carrot-mushroom-hazelnut-tart
"

          Mint-chocolate bark with pretzels        
",/recipes/mint-chocolate-bark-pretzels
"

          Open cottage cheese & pepper sandwich        
",/recipes/2554636/open-cottage-cheese-and-pepper-sandwich
"

          Crisp potato cake        
",/recipes/8210/crisp-potato-cake
"

          Watermelon cooler        
",/recipes/2355/watermelon-cooler
"

          Red cabbage & fennel coleslaw        
",/recipes/7041/red-cabbage-and-fennel-coleslaw
"

          Queen of Hearts cake        
",/recipes/queen-hearts-cake
"

          Orange & almond cake with citrus mascarpone        
",/recipes/3397/orange-and-almond-cake-with-citrus-mascarpone
"

          Corn relish        
",/recipes/12807/corn-relish
"

          Lentil & bacon soup        
",/recipes/2155646/lentil-and-bacon-soup
"

          Asparagus soup with tartines        
",/recipes/asparagus-soup-tartines
"

          Blueberry & coconut pudding        
",/recipes/1369652/blueberry-and-coconut-pudding
"

          Pineapple rice        
",/recipes/1166643/pineapple-rice
"

          Wild mushroom & chestnut cottage pie        
",/recipes/1660641/wild-mushroom-and-chestnut-cottage-pie
"

          Cheesy popcorn brains        
",/recipes/cheesy-popcorn-brains
"

          Bacon & pumpkin pasta        
",/recipes/2708/bacon-and-pumpkin-pasta
"

          Slow-cooked celeriac with pork & orange        
",/recipes/1595/slowcooked-celeriac-with-pork-and-orange
"

          Almond meringue with summer berries        
",/recipes/11597/almond-meringue-with-summer-berries
"

          Stir-fry prawns with peppers & spinach        
",/recipes/2831/stirfry-prawns-with-peppers-and-spinach
"

          Warm trout salad with dill & lemon        
",/recipes/1227/warm-trout-salad-with-dill-and-lemon
"

          Easy pancakes        
",/recipes/2907669/easy-pancakes
"

          Butternut chilli        
",/recipes/butternut-chilli
"

          Baby frittatas        
",/recipes/2693/baby-frittatas
"

          Rainbow rice        
",/recipes/2863/rainbow-rice
"

          Creamy yogurt porridge        
",/recipes/creamy-yogurt-porridge
"

          Strawberry & Prosecco jellies        
",/recipes/6375/strawberry-and-prosecco-jellies
"

          Ultimate Seville orange marmalade        
",/recipes/1153/ultimate-seville-orange-marmalade
"

          Spinach & three cheese cannelloni        
",/recipes/10192/spinach-and-three-cheese-cannelloni
"

          Salad of smoked haddock with chorizo and poached egg        
",/recipes/1202/salad-of-smoked-haddock-with-chorizo-and-poached-e
"

          Salmon rarebit        
",/recipes/1528/salmon-rarebit
"

          Salade aux lardons        
",/recipes/1259/salade-aux-lardons
"

          Brown-butter basted radishes & asparagus        
",/recipes/brown-butter-basted-radishes-asparagus
"

          Baked nectarines with almonds & Marsala        
",/recipes/681679/baked-nectarines-with-almonds-and-marsala
"

          Prawn sweet chilli noodle salad        
",/recipes/589627/prawn-sweet-chilli-noodle-salad
"

          Roasted coriander cauliflower        
",/recipes/2020/roasted-coriander-cauliflower
"

          One-pot chicken with quinoa        
",/recipes/one-pot-chicken-quinoa
"

          Melanzane parmigiana        
",/recipes/3091674/melanzane-parmigiana
"

          Mango & vanilla granita        
",/recipes/2465/mango-and-vanilla-granita
"

          10-minute steak & noodle supper        
",/recipes/1423/10minute-steak-and-noodle-supper
"

          Sticky pork        
",/recipes/4688/sticky-pork
"

          Leek & prawn gratin        
",/recipes/2452/leek-and-prawn-gratin
"

          Moroccan harira        
",/recipes/moroccan-haira
"

          Chocolate, orange & hazelnut cake        
",/recipes/chocolate-orange-hazelnut-cake
"

          Vietnamese-style caramel pork        
",/recipes/vietnamese-style-caramel-pork
"

          Courgette & tomato chutney        
",/recipes/2155641/courgette-and-tomato-chutney
"

          Prawn & pomelo salad        
",/recipes/prawn-pomelo-salad
"

          Herb-roast turkey        
",/recipes/69617/herbroast-turkey
"

          Alkalising green soup        
",/recipes/alkalising-green-soup
"

          Courgette rice with feta & olives        
",/recipes/1893/courgette-rice-with-feta-and-olives
"

          Kale & apple soup with walnuts        
",/recipes/kale-apple-soup-walnuts-0
"

          Sweet chilli tofu with pineapple stir-fried noodles        
",/recipes/sweet-chilli-tofu-pineapple-stir-fried-noodles
"

          Grown-up banoffee pie        
",/recipes/grown-banoffee-pie
"

          Cucumber, mint & melon punch        
",/recipes/cucumber-mint-melon-punch
"

          Gravity-defying sweetie cake        
",/recipes/gravity-defying-sweetie-cake
"

          Breakfast bar        
",/recipes/2984673/breakfast-bar
"

          Puy lentils with smoked tofu        
",/recipes/puy-lentils-smoked-tofu
"

          Coconut chai traybake        
",/recipes/coconut-chai-traybake
"

          Mince pie Martini        
",/recipes/mince-pie-martini
"

          Ravioli with squash & crunchy crumbs        
",/recipes/3218/ravioli-with-squash-and-crunchy-crumbs
"

          Skinny chicken Caesar salad        
",/recipes/skinny-chicken-caesar-salad
"

          Maggoty dustbin pasta        
",/recipes/maggoty-dustbin-pasta
"

          Honey & mustard ham hock pie with flaky cheese pastry        
",/recipes/honey-mustard-ham-hock-pie-flaky-cheese-pastry
"

          Creamy courgette & bacon pasta         
",/recipes/2303681/creamy-courgette-and-bacon-pasta-
"

          Lighter cauliflower cheese        
",/recipes/lighter-cauliflower-cheese
"

          Sugar-dusted mince pie parcels        
",/recipes/995650/sugardusted-mince-pie-parcels
"

          Bonfire bangers & beans        
",/recipes/13373/bonfire-bangers-and-beans
"

          Frozen berry & ginger nut yogurt pops        
",/recipes/frozen-berry-ginger-nut-yogurt-pops
"

          Crispy squid with caponata        
",/recipes/11025/crispy-squid-with-caponata
"

          Gooseberry crumble        
",/recipes/2303640/gooseberry-crumble
"

          Raspberry & red wine slush with peach salad        
",/recipes/7056/raspberry-and-red-wine-slush-with-peach-salad
"

          Lemon & rosemary halloumi skewers        
",/recipes/1524/lemon-and-rosemary-halloumi-skewers
"

          Italian turkey steaks with garlicky bean mash        
",/recipes/12134/italian-turkey-steaks-with-garlicky-bean-mash
"

          Spicy salami s'mores        
",/recipes/spicy-salami-smores
"

          Cold meatloaf with squashed tomato & pepper salsa        
",/recipes/691652/cold-meatloaf-with-squashed-tomato-and-pepper-sals
"

          Tom yum (hot & sour) soup with prawns        
",/recipes/1916646/tom-yum-hot-and-sour-soup-with-prawns
"

          New potato, tuna & spinach salad        
",/recipes/2996/new-potato-tuna-and-spinach-salad
"

          Dundee cake        
",/recipes/2155640/dundee-cake
"

          Rack of lamb with new potato, onion & thyme gratin        
",/recipes/3078682/rack-of-lamb-with-new-potato-onion-and-thyme-grati
"

          Posh ice cream sandwiches        
",/recipes/posh-ice-cream-sandwiches
"

          Beef in red wine with melting onions        
",/recipes/beef-red-wine-melting-onions
"

          Fresh mint & raisin sauce        
",/recipes/2198654/fresh-mint-and-raisin-sauce
"

          Seeded oatcakes        
",/recipes/1840638/seeded-oatcakes
"

          Spiced braised beef pie        
",/recipes/spiced-braised-beef-pie
"

          Bunny carrot cake        
",/recipes/bunny-carrot-cake
"

          Chicken & pesto roll-ups        
",/recipes/1715/chicken-and-pesto-rollups
"

          Mincemeat samosas        
",/recipes/mincemeat-samosas
"

          Aubergine curry with lemongrass & coconut milk        
",/recipes/1508/aubergine-curry-with-lemongrass-and-coconut-milk
"

          Tuna & caper panzanella        
",/recipes/4657/tuna-and-caper-panzanella
"

          Garlicky tomato pasta        
",/recipes/2436/garlicky-tomato-pasta
"

          Pea houmous        
",/recipes/pea-houmous
"

          Upside-down peach sponge        
",/recipes/694637/upsidedown-peach-sponge
"

          Easy white bread        
",/recipes/2060/easy-white-bread
"

          Black olive & goat's cheese tartlets        
",/recipes/12543/black-olive-and-goats-cheese-tartlets
"

          Chunky roast potatoes        
",/recipes/893643/chunky-roast-potatoes
"

          Pork with black pudding & roasted rhubarb        
",/recipes/5884/pork-with-black-pudding-and-roasted-rhubarb
"

          Tomato, onion & cucumber raita        
",/recipes/tomato-onion-cucumber-raita
"

          Scandi salmon salad        
",/recipes/scandi-salmon-salad
"

          Ginger & sesame sprouts        
",/recipes/2751665/ginger-and-sesame-sprouts
"

          Peach puff pastry tart with almonds        
",/recipes/peach-puff-pastry-tart-almonds
"

          Panfried fish with fresh beetroot salsa        
",/recipes/2508/panfried-fish-with-fresh-beetroot-salsa
"

          Spiced turkey patties with fruity quinoa salad        
",/recipes/spiced-turkey-patties-fruity-quinoa-salad
"

          Jerk pulled pork with banana salsa        
",/recipes/jerk-pulled-pork-banana-salsa
"

          Confit of salmon with new potato & crab crush & dill drizzle        
",/recipes/10786/confit-of-salmon-with-new-potato-and-crab-crush-an
"

          Mackerel with warm cauliflower & caper salad        
",/recipes/9062/mackerel-with-warm-cauliflower-and-caper-salad
"

          Mini gingerbread houses        
",/recipes/1802640/mini-gingerbread-houses
"

          Braised pork with prunes        
",/recipes/2334/braised-pork-with-prunes
"

          Baked aubergines with cannellini beans        
",/recipe/baked-aubergines-cannellini-beans
"

          Pesto & olive-crusted fish        
",/recipes/3182/pesto-and-olivecrusted-fish
"

          Creamy linguine with ham, lemon & basil        
",/recipes/711650/creamy-linguine-with-ham-lemon-and-basil
"

          Cajun blackened chicken with supergreen quinoa        
",/recipes/cajun-blackened-chicken-supergreen-quinoa
"

          Paul's berry sponge        
",/recipes/1583634/pauls-berry-sponge
"

          Sour cream rhubarb squares        
",/recipes/3294/sour-cream-rhubarb-squares
"

          Cinnamon Nutella cake        
",/recipes/1688/cinnamon-nutella-cake
"

          Chilli-butter barbecued corn        
",/recipes/chilli-butter-barbecued-corn
"

          Easy baked pears with amaretti        
",/recipes/4812/easy-baked-pears-with-amaretti
"

          Festive golden five-spice chicken        
",/recipes/9106/festive-golden-fivespice-chicken
"

          Triple cheese & onion muffins        
",/recipes/2249654/triple-cheese-and-onion-muffins
"

          Prawn katsu burgers        
",/recipes/prawn-katsu-burgers
"

          Fennel & potato gratin        
",/recipe/fennel-potato-gratin
"

          Birthday bug cake        
",/recipes/10865/birthday-bug-cake
"

          Prosciutto-wrapped chicken & leek terrine        
",/recipes/10214/prosciuttowrapped-chicken-and-leek-terrine
"

          Chicken & chorizo traybake        
",/recipes/1897691/chicken-and-chorizo-traybake
"

          Chicory salad with blue cheese dressing        
",/recipes/166606/chicory-salad-with-blue-cheese-dressing
"

          Spicy paneer skewers        
",/recipes/1852645/spicy-paneer-skewers
"

          Mozzarella & salami ciabatta         
",/recipes/665644/mozzarella-and-salami-ciabatta-
"

          Crispy new potato bake        
",/recipes/10868/crispy-new-potato-bake
"

          Garlicky bean salad with chorizo        
",/recipes/4658/garlicky-bean-salad-with-chorizo
"

          Sticky soy & honey pork with Asian noodles        
",/recipes/sticky-soy-honey-pork-asian-noodles
"

          Whole roast bream with potatoes & olives        
",/recipes/8010/whole-roast-bream-with-potatoes-and-olives
"

          White chocolate & cardamom tart with raspberry dust        
",/recipes/white-chocolate-cardamom-tart-raspberry-dust
"

          Tomato & anchovy risotto with crispy crumbs        
",/recipes/2838668/tomato-and-anchovy-risotto-with-crispy-crumbs
"

          Strawberry & sweet wine savarin        
",/recipes/4647/strawberry-and-sweet-wine-savarin
"

          Lemon cheesecake with baked plums & blackberries        
",/recipes/lemon-cheesecake-baked-plums-blackberries
"

          Bay & bacon roast turkey with make-ahead gravy        
",/recipes/bay-bacon-roast-turkey-make-ahead-gravy
"

          Griddled chicken fajitas with squashed avocado        
",/recipes/griddled-chicken-fajitas-squashed-avocado
"

          Chilli chocolate & black bean brownies        
",/recipes/chilli-chocolate-black-bean-brownies
"

          Zesty rice noodle salad        
",/recipes/666659/zesty-rice-noodle-salad
"

          Honey nut crunch pears        
",/recipes/3436/honey-nut-crunch-pears
"

          Courgette griddle cakes        
",/recipes/1734/courgette-griddle-cakes
"

          Open sandwiches - Tomato, sardine & rocket        
",/recipes/5128/open-sandwiches--tomato-sardine-and-rocket
"

          Mussels, white wine & parsley        
",/recipes/1698635/mussels-white-wine-and-parsley
"

          Coq au vin        
",/recipes/3176/coq-au-vin
"

          Lamb meatball & pea pilaf        
",/recipes/6660/lamb-meatball-and-pea-pilaf
"

          Seafood tagine        
",/recipes/seafood-tagine
"

          Cauliflower & chickpea pilaf        
",/recipes/333607/cauliflower-and-chickpea-pilaf
"

          Courgette & couscous salad with tahini dressing        
",/recipes/courgette-couscous-salad-tahini-dressing
"

          Griddled courgette & seafood lasagne        
",/recipes/1507676/griddled-courgette-and-seafood-lasagne
"

          Courgette & feta muffins        
",/recipes/courgette-feta-muffins
"

          Winter slaw with warm celery seed dressing        
",/recipes/1805636/winter-slaw-with-warm-celery-seed-dressing
"

          Mini chicken pies        
",/recipes/2418/mini-chicken-pies
"

          Bagels        
",/recipes/edds-bagels
"

          Red & white potato salad with pickled onions        
",/recipes/red-white-potato-salad-pickled-onions
"

          Herby pork with apple & chicory salad        
",/recipes/1973637/herby-pork-with-apple-and-chicory-salad
"

          Chocolate crunch & raspberry pots        
",/recipes/4457/chocolate-crunch-and-raspberry-pots
"

          Grilled salmon with curly kale & a Noilly Prat sauce        
",/recipes/3172/grilled-salmon-with-curly-kale-and-a-noilly-prat-s
"

          Barbecue sauce        
",/recipes/1526/barbecue-sauce
"

          Sirloin with herby mustard crust & shallot gravy        
",/recipes/8209/sirloin-with-herby-mustard-crust-and-shallot-gravy
"

          Breakfast bagel club        
",/recipes/breakfast-bagel-club
"

          Keralan vegetable curry        
",/recipes/2150642/keralan-vegetable-curry
"

          Spicy clam & pork paella        
",/recipes/5392/spicy-clam-and-pork-paella
"

          Ultimate fish cakes        
",/recipes/2239/ultimate-fish-cakes
"

          Slow-cooked beetroot & beef curry (Chukandar Gosht)        
",/recipes/slow-cooked-beetroot-beef-curry-chukandar-gosht
"

          Poppyseed & honey cake        
",/recipes/1865/poppyseed-and-honey-cake
"

          Crushed potatoes with sizzled chicken        
",/recipes/1373/crushed-potatoes-with-sizzled-chicken
"

          Coconut bauble truffles        
",/recipes/coconut-bauble-truffles
"

          Clams with Sherry & Serrano ham        
",/recipes/clams-sherry-serrano-ham
"

          Rarebit crumpets        
",/recipes/1912642/rarebit-crumpets
"

          Pan-fried Dover sole with warm tomato compote        
",/recipes/11579/panfried-dover-sole-with-warm-tomato-compote
"

          From-the-freezer mince pies        
",/recipes/851639/fromthefreezer-mince-pies
"

          Garlic beef        
",/recipes/5535/garlic-beef
"

          Banana & pecan loaf        
",/recipes/693646/banana-and-pecan-loaf
"

          Veggie lasagne        
",/recipe/veggie-lasagne-0
"

          Sweet & sour chicken        
",/recipes/2830/sweet-and-sour-chicken
"

          Cheesy tortilla wrap        
",/recipes/2218/cheesy-tortilla-wrap
"

          Summer fruit bowl tartlets        
",/recipes/1511710/summer-fruit-bowl-tartlets
"

          Sangria        
",/recipes/2160/sangria
"

          Macaroni cheese with mushrooms        
",/recipes/2038/macaroni-cheese-with-mushrooms
"

          Rhubarb, ginger & apple scrunch pie        
",/recipes/3480/rhubarb-ginger-and-apple-scrunch-pie
"

          Tropical granola lollies        
",/recipes/tropical-granola-lollies
"

          Steamed mussels with leeks, thyme & bacon        
",/recipes/8009/steamed-mussels-with-leeks-thyme-and-bacon
"

          Luxury bread & onion sauce        
",/recipes/2744667/luxury-bread-and-onion-sauce
"

          No-oven pizza        
",/recipes/1583641/nooven-pizza
"

          Gluten-free pancakes        
",/recipes/2920665/glutenfree-pancakes
"

          Spiced Bloody Marys        
",/recipes/1166647/spiced-bloody-marys
"

          Hot-smoked salmon salad with a chilli lemon dressing        
",/recipes/5890/hotsmoked-salmon-salad-with-a-chilli-lemon-dressin
"

          Beef stroganoff with herby pasta        
",/recipes/8828/beef-stroganoff-with-herby-pasta
"

          Courgette, potato & cheddar bread        
",/recipes/1366644/courgette-potato-and-cheddar-bread
"

          Homemade elderflower cordial        
",/recipes/531660/homemade-elderflower-cordial
"

          Lighter banoffee pie        
",/recipes/lighter-banoffee-pie
"

          Rhubarb & strawberry crumble with custard        
",/recipes/1951/rhubarb-and-strawberry-crumble-with-custard
"

          Frying-pan sausage hotpot        
",/recipes/2250/fryingpan-sausage-hotpot
"

          Cranberry & ginger sausages        
",/recipes/1805665/cranberry-and-ginger-sausages
"

          Blood orange & poppy drizzle muffins        
",/recipes/blood-orange-poppy-drizzle-muffins
"

          Pumpkin & bean spaghetti        
",/recipes/3158/pumpkin-and-bean-spaghetti
"

          Chilli-stuffed peppers with feta topping        
",/recipes/chilli-stuffed-peppers-feta-topping
"

          Creating your wedding cake        
",/recipes/4578/creating-your-wedding-cake
"

          Courgette & lemon linguine        
",/recipes/408649/courgette-and-lemon-linguine
"

          Poke bowl        
",/recipes/poke-bowl
"

          Courgetti Bolognese        
",/recipes/courgetti-bolognese
"

          Rhubarb & lemon curd cake        
",/recipes/1974642/rhubarb-and-lemon-curd-cake
"

          Buttered sprouts with chestnuts & bacon        
",/recipes/74608/buttered-sprouts-with-chestnuts-and-bacon
"

          Beef burgers - learn to make        
",/recipes/1514/beef-burgers-learn-to-make
"

          Crispy salt & pepper roasties        
",/recipes/1837649/crispy-salt-and-pepper-roasties
"

          Pot-roast guinea fowl with cabbage & bacon        
",/recipes/1128648/potroast-guinea-fowl-with-cabbage-and-bacon
"

          Mocha fondant puddings        
",/recipes/3270/mocha-fondant-puddings
"

          Apricot & ginger frangipane tart        
",/recipes/apricot-ginger-frangipane-tart
"

          Cucumber salad        
",/recipes/cucumber-salad
"

          Turkey meatloaf        
",/recipes/turkey-meatloaf
"

          Herby cheese roulade        
",/recipes/2890/herby-cheese-roulade
"

          Smoked haddock & sweetcorn chowder        
",/recipes/smoked-haddock-sweetcorn-chowder
"

          Sweet & sour kale with garlic & anchovy        
",/recipes/8031/sweet-and-sour-kale-with-garlic-and-anchovy
"

          Pint of prawns & chilli mayo        
",/recipes/2405/pint-of-prawns-and-chilli-mayo
"

          Spicy chicken with mango salad         
",/recipes/2229/spicy-chicken-with-mango-salad-
"

          Warm beet, chorizo and pear salad        
",/recipes/warm-beet-chorizo-and-pear-salad
"

          Green beans & radishes with shallot dressing        
",/recipes/2198656/green-beans-and-radishes-with-shallot-dressing
"

          Storecupboard pasta salad        
",/recipes/11418/storecupboard-pasta-salad
"

          Pork & noodle stir-fry        
",/recipes/1133648/pork-and-noodle-stirfry
"

          Risotto-stuffed tomatoes        
",/recipes/2388/risottostuffed-tomatoes
"

          Brazilian prawn & coconut stew        
",/recipes/brazilian-prawn-coconut-stew
"

          Three-cheese risotto        
",/recipes/three-cheese-risotto
"

          Baked carrot & sweet potato mash        
",/recipes/2751666/baked-carrot-and-sweet-potato-mash
"

          Sweet & spicy popcorn         
",/recipes/1941638/sweet-and-spicy-popcorn-
"

          Chilli-lime chicken salad        
",/recipes/chilli-lime-chicken-salad
"

          Curried chicken & mango salad        
",/recipes/2121661/curried-chicken-and-mango-salad
"

          Foil-poached salmon with dill & avocado mayo        
",/recipes/10203/foilpoached-salmon-with-dill-and-avocado-mayo
"

          Toasted sesame sprouts        
",/recipes/toasted-sesame-sprouts
"

          Sweet pepperonata salad        
",/recipes/sweet-pepperonata-salad
"

          Clementine & Port spiced cranberry sauce        
",/recipes/clementine-port-spiced-cranberry-sauce
"

          Avocado & lime cream        
",/recipes/3303/avocado-and-lime-cream
"

          Spiced apricot chutney        
",/recipes/spiced-apricot-chutney
"

          Squash, chicken & couscous one-pot        
",/recipes/1508642/squash-chicken-and-couscous-onepot
"

          Fragrant mango & apple chutney        
",/recipes/4859/fragrant-mango-and-apple-chutney
"

          Speedy fish supper        
",/recipes/1612/speedy-fish-supper
"

          Strawberry cheesecake in 4 easy steps         
",/recipes/4653/strawberry-cheesecake-in-4-easy-steps-
"

          Quick summer compote        
",/recipes/3114/quick-summer-compote
"

          Smoked mackerel salad with beetroot & horseradish dressing        
",/recipes/335631/smoked-mackerel-salad-with-beetroot-and-horseradis
"

          Spaghetti with artichokes & pesto        
",/recipes/spaghetti-artichokes-pesto
"

          Rump steak with quick mushroom and red wine sauce        
",/recipes/9981/rump-steak-with-quick-mushroom-and-red-wine-sauce
"

          Cumin roast peppers & tomatoes        
",/recipes/4441/cumin-roast-peppers-and-tomatoes
"

          Butternut squash with spicy chilli        
",/recipes/7521/butternut-squash-with-spicy-chilli
"

          Bun & butter pudding        
",/recipes/1161639/bun-and-butter-pudding
"

          Peppered mackerel fish cakes        
",/recipes/724641/peppered-mackerel-fish-cakes
"

          Double Thai noodle salad with smoked aubergine, mango & avocado        
",/recipes/double-thai-noodle-salad-smoked-aubergine-mango-avocado
"

          Shooting star celebration cake        
",/recipes/4828/shooting-star-celebration-cake
"

          Lemon & black pepper crusted salmon        
",/recipes/lemon-black-pepper-crusted-salmon
"

          Easy cheesecake        
",/recipes/1166653/easy-cheesecake
"

          Cheesy tuna melts        
",/recipes/3287/cheesy-tuna-melts
"

          Wilted spinach with nutmeg & garlic        
",/recipes/wilted-spinach-nutmeg-garlic
"

          Cranberry fools        
",/recipes/896662/cranberry-fools
"

          Tomato & pepper dip        
",/recipes/1888/tomato-and-pepper-dip
"

          Quick celeriac remoulade        
",/recipes/1597/quick-celeriac-remoulade
"

          Creamy parsnip & mustard gratin        
",/recipes/8641/creamy-parsnip-and-mustard-gratin
"

          Sliced turnip & bacon bake        
",/recipes/3369/sliced-turnip-and-bacon-bake
"

          Taleggio, bacon & spring onion tart         
",/recipes/2407/taleggio-bacon-and-spring-onion-tart-
"

          Mexican rice with chipotle pork & avocado salsa        
",/recipes/2472639/mexican-rice-with-chipotle-pork-and-avocado-salsa
"

          Clotted cream & raspberry ripple Arctic roll        
",/recipes/3090676/clotted-cream-and-raspberry-ripple-arctic-roll
"

          Egg-free cheese & bacon quiche        
",/recipes/1129664/eggfree-cheese-and-bacon-quiche
"

          Tomato, basil & Parmesan scrambled eggs        
",/recipes/1721/tomato-basil-and-parmesan-scrambled-eggs
"

          Chicken & sweetcorn pies        
",/recipes/461663/chicken-and-sweetcorn-pies
"

          Pickled pears        
",/recipes/1302/pickled-pears
"

          Red pork curry with green beans        
",/recipes/1972/red-pork-curry-with-green-beans
"

          Pear & vodka cocktail        
",/recipes/puppet-string
"

          Chopped tarragon, bacon & chicken salad        
",/recipes/3028695/chopped-tarragon-bacon-and-chicken-salad
"

          Spicy chicken with rice & beans        
",/recipes/spicy-chicken-rice-beans
"

          Red wine risotto with duck & garlicky mushrooms        
",/recipes/8814/red-wine-risotto-with-duck-and-garlicky-mushrooms
"

          Oeufs au lait        
",/recipes/1189/oeufs-au-lait
"

          Roast beef with caramelised onion gravy        
",/recipes/2138667/roast-beef-with-caramelised-onion-gravy
"

          Dukkah-spiced BBQ chicken wings        
",/recipes/dukkah-spiced-bbq-chicken-wings
"

          Spiced pineapple pork        
",/recipes/6384/spiced-pineapple-pork
"

          Wizard's hat pasties        
",/recipes/2750/wizards-hat-pasties
"

          Gingery shiitake noodles        
",/recipes/9109/gingery-shiitake-noodles
"

          Goat's cheese & thyme stuffed chicken        
",/recipes/3925/goats-cheese-and-thyme-stuffed-chicken
"

          Toasted teacakes with apricot compote        
",/recipes/1707/toasted-teacakes-with-apricot-compote
"

          Kale with chana & coconut        
",/recipes/kale-chana-coconut
"

          Low sugar chocolate sandwich cake        
",/recipes/squidgy-chocolate-sandwich-cake
"

          Banana tarte Tatin        
",/recipes/banana-tarte-tatin
"

          The ultimate makeover: Coronation chicken        
",/recipes/532644/the-ultimate-makeover-coronation-chicken
"

          Must-make moussaka        
",/recipes/3027/mustmake-moussaka
"

          Apple & sultana porridge        
",/recipes/2053642/apple-and-sultana-porridge
"

          Stuffed tomatoes        
",/recipes/681653/stuffed-tomatoes
"

          Raspberry & rose trifles        
",/recipes/4442/raspberry-and-rose-trifles
"

          Pot-roast pork goulash with potatoes & greens        
",/recipes/62601/potroast-pork-goulash-with-potatoes-and-greens
"

          Tomato & rice soup        
",/recipes/tomato-rice-soup
"

          Speedy tuna pasta salad        
",/recipes/4673/speedy-tuna-pasta-salad
"

          Flirtini cocktail        
",/recipes/flirtini-cocktail
"

          Halloumi kebabs with thyme & lemon baste        
",/recipes/1844/halloumi-kebabs-with-thyme-and-lemon-baste
"

          Thai beef stir-fry        
",/recipes/4538/thai-beef-stirfry
"

          Grilled fish with new potato & spring onion crush        
",/recipes/2449/grilled-fish-with-new-potato-and-spring-onion-crus
"

          Summer courgette risotto        
",/recipes/11194/summer-courgette-risotto
"

          Cottage pie        
",/recipes/775643/cottage-pie
"

          Lamb steaks with artichoke salad        
",/recipes/1508657/lamb-steaks-with-artichoke-salad
"

          4 creamy dips         
",/recipes/1495/4-creamy-dips-
"

          Tomato & mascarpone pasta bake        
",/recipes/1366653/tomato-and-mascarpone-pasta-bake
"

          Beetroot shots with tarragon yogurt ice cubes        
",/recipes/3185/beetroot-shots-with-tarragon-yogurt-ice-cubes
"

          Beef massaman curry        
",/recipes/420631/beef-massaman-curry
"

          Vegetarian casserole        
",/recipes/1993645/vegetarian-casserole
"

          Zesty spring fish        
",/recipes/2021/zesty-spring-fish
"

          Frozen raspberry honeycomb pie        
",/recipes/frozen-raspberry-honeycomb-pie
"

          Pea, pesto & sausage lasagne        
",/recipes/pea-pesto-sausage-lasagne
"

          Brazilian chocolate truffles - brigadeiro        
",/recipes/brazilian-chocolate-truffles-brigadeiro
"

          Red pepper & tomato salsa        
",/recipes/7059/red-pepper-and-tomato-salsa
"

          Crispy bacon-basted turkey        
",/recipes/crispy-bacon-basted-turkey
"

          Christmas goose with root veg, sticky pears & bramble gravy        
",/recipes/76606/christmas-goose-with-root-veg-sticky-pears-and-bra
"

          Family meals: Easy fish cakes        
",/recipes/2303639/family-meals-easy-fish-cakes
"

          Rice noodle & turkey salad with lime-chilli dressing        
",/recipes/3028694/rice-noodle-and-turkey-salad-with-limechilli-dress
"

          Spiced root soup with crisp spiced onions        
",/recipes/1871/spiced-root-soup-with-crisp-spiced-onions
"

          Traditional bread sauce        
",/recipes/893640/traditional-bread-sauce
"

          Chocolate & almond croissants        
",/recipes/863647/chocolate-and-almond-croissants
"

          Thai-style prawns         
",/recipes/2168/thaistyle-prawns-
"

          Special fried rice with prawns & chorizo        
",/recipes/2411649/special-fried-rice-with-prawns-and-chorizo
"

          Braised chicken with olives and tomatoes        
",/recipes/4011/braised-chicken-with-olives-and-tomatoes
"

          Turkey meatball korma        
",/recipes/518644/turkey-meatball-korma
"

          Porridge with beetroot, apple & cranberry compote & toasted hazelnuts        
",/recipes/porridge-beetroot-apple-cranberry-compote-toasted-hazelnuts
"

          Baguettes        
",/recipes/crusty-baguettes
"

          Pineapple & pink grapefruit with mint sugar        
",/recipes/3210/pineapple-and-pink-grapefruit-with-mint-sugar
"

          Polenta bruschetta with tapenade        
",/recipes/1961/polenta-bruschetta-with-tapenade
"

          Winter greens with bacon butter        
",/recipes/winter-greens-bacon-butter
"

          Mediterranean prawn salad        
",/recipes/2411642/mediterranean-prawn-salad
"

          Warm carrot salad with toasted cumin dressing        
",/recipes/3274/warm-carrot-salad-with-toasted-cumin-dressing
"

          Prosecco & elderflower cocktail        
",/recipes/winners-bouquet
"

          Curried squash, lentil & coconut soup        
",/recipes/1974663/curried-squash-lentil-and-coconut-soup
"

          Herb-baked celeriac        
",/recipes/herb-baked-celeriac
"

          Mini elf doughnuts        
",/recipes/mini-elf-doughnuts
"

          Choc chip, peanut butter & banana pancake filling        
",/recipes/1916659/choc-chip-peanut-butter-and-banana-pancake-filling
"

          Pesto pizza with artichokes & prosciutto        
",/recipes/1992/pesto-pizza-with-artichokes-and-prosciutto
"

          Perfect pancakes        
",/recipes/3374/perfect-pancakes
"

          Duck confit burger        
",/recipes/duck-confit-burger
"

          Simnel Battenberg cake        
",/recipes/simnel-battenberg-cake
"

          Pistou soup        
",/recipes/1111643/pistou-soup
"

          Spiced courgette fritters        
",/recipes/11208/spiced-courgette-fritters
"

          Chipotle black bean soup with lime-pickled onions        
",/recipes/2973680/chipotle-black-bean-soup-with-limepickled-onions
"

          Stuffed courgette flowers        
",/recipes/2369637/stuffed-courgette-flowers
"

          Green beans & spring onions with tarragon        
",/recipe/green-beans-spring-onions-tarragon
"

          Soft pretzels        
",/recipes/learn-make-pretzels
"

          Courgette & cheddar soda bread        
",/recipes/courgette-cheddar-soda-bread
"

          Gnocchi & tomato bake        
",/recipes/7192/gnocchi-and-tomato-bake
"

          Griddled flatbreads        
",/recipes/7058/griddled-flatbreads
"

          Chocolate & pecan traybake        
",/recipes/2014/chocolate-and-pecan-traybake
"

          Cheese & thyme wrapped mushrooms        
",/recipes/2877/cheese-and-thyme-wrapped-mushrooms
"

          Plum, orange & almond cobbler        
",/recipes/12351/plum-orange-and-almond-cobbler
"

          Rhubarb ripple & gingerbread cheesecake        
",/recipes/2953685/rhubarb-ripple-and-gingerbread-cheesecake
"

          Chunky mango & chocolate fool        
",/recipes/2784/chunky-mango-and-chocolate-fool
"

          Sweet snowballs        
",/recipes/1840647/sweet-snowballs
"

          Christmas slaw        
",/recipes/890635/christmas-slaw
"

          Mexican pork wraps        
",/recipes/67603/mexican-pork-wraps
"

          Smoky aubergine dip & barbecued poppadums        
",/recipes/531673/smoky-aubergine-dip-and-barbecued-poppadums
"

          Lamb lollipops with smashed minty broad beans        
",/recipes/lamb-lollipops-smashed-minty-broad-beans
"

          Roasted aubergine with bulghar & zesty dressing        
",/recipes/11193/roasted-aubergine-with-bulghar-and-zesty-dressing
"

          Better beetroot brownies        
",/recipes/2973683/better-beetroot-brownies
"

          Berry daiquiri        
",/recipes/3100/berry-daiquiri
"

          Cranberry & white chocolate panettone        
",/recipes/147611/cranberry-and-white-chocolate-panettone
"

          Grape jelly        
",/recipes/7606/grape-jelly
"

          Fish tikka on garlic naan        
",/recipes/fish-tikka-garlic-naan
"

          Rum & raisin puddings        
",/recipes/147607/rum-and-raisin-puddings
"

          Hazelnut & Baileys meringue cake        
",/recipes/78604/hazelnut-and-baileys-meringue-cake
"

          Pinwheel pizzas        
",/recipes/2360663/pinwheel-pizzas
"

          Gnocchi with lemon & chive pesto        
",/recipes/724643/gnocchi-with-lemon-and-chive-pesto
"

          Spiced salmon with beetroot, feta & wild rice        
",/recipes/spiced-salmon-beetroot-feta-wild-rice
"

          Spiced smoked haddock fish cakes        
",/recipes/1429/spiced-smoked-haddock-fish-cakes
"

          Gooey chocolate cake        
",/recipes/2232/gooey-chocolate-cake
"

          Griddled aubergines with sesame dressing        
",/recipes/2249642/griddled-aubergines-with-sesame-dressing
"

          Crispy Asian salmon with stir-fried noodles, pak choi & sugar snap peas        
",/recipes/crispy-asian-salmon-stir-fried-noodles-pak-choi-sugar-snap-peas
"

          Onion, orange & coriander confit        
",/recipes/onion-orange-coriander-confit
"

          Oven-poached salmon with sweet pepper & basil sauce        
",/recipes/2113/ovenpoached-salmon-with-sweet-pepper-and-basil-sau
"

          Chicken curry with lime leaf, lemongrass & mango        
",/recipes/chicken-curry-lime-leaf-lemongrass-mango
"

          Crab mayonnaise with Melba toast & herb salad        
",/recipes/2220695/crab-mayonnaise-with-melba-toast-and-herb-salad
"

          Individual coconut & pineapple upside-down cakes        
",/recipes/1272640/individual-coconut-and-pineapple-upsidedown-cakes
"

          Honeyed almond figs         
",/recipes/2785/honeyed-almond-figs-
"

          Stem ginger & treacle tart        
",/recipes/896665/stem-ginger-and-treacle-tart
"

          Iced berries with white chocolate sauce        
",/recipes/2662/iced-berries-with-white-chocolate-sauce
"

          One-pot mushroom & potato curry        
",/recipes/2027/onepot-mushroom-and-potato-curry
"

          Chilli chicken & bacon salad        
",/recipes/1671/chilli-chicken-and-bacon-salad
"

          Chinese roast duck        
",/recipes/1805644/chinese-roast-duck
"

          White chocolate & berry pudding        
",/recipes/3333/white-chocolate-and-berry-pudding
"

          Prawn cocktail sandwich topper        
",/recipes/prawn-cocktail-sandwich-topper
"

          Ham & leek cobbler        
",/recipes/9061/ham-and-leek-cobbler
"

          Roast aubergine with goat's cheese & toasted flatbread        
",/recipes/666657/roast-aubergine-with-goats-cheese-and-toasted-flat
"

          Cumberland hot dogs with charred tomato salsa        
",/recipes/1517/cumberland-hot-dogs-with-charred-tomato-salsa
"

          Roll-your-own fajitas        
",/recipes/2028/rollyourown-fajitas
"

          Carrot & cheddar soup with toast soldiers        
",/recipes/1443/carrot-and-cheddar-soup-with-toast-soldiers
"

          Beef rendang & turmeric rice        
",/recipes/beef-rendang-turmeric-rice
"

          Strawberry-mallow cheesecake        
",/recipes/2253637/strawberrymallow-cheesecake
"

          Beef burger with sweet potato chilli chips        
",/recipes/1841650/beef-burger-with-sweet-potato-chilli-chips
"

          Crunchy root & apple 'slaw        
",/recipes/3034/crunchy-root-and-apple-slaw
"

          Jill's Asian omelette        
",/recipes/1781/jills-asian-omelette
"

          Prawn bruschetta skewers        
",/recipes/1511686/prawn-bruschetta-skewers
"

          Fruity ice-lolly pens        
",/recipe/fruity-ice-lolly-pens
"

          Piperade on crusty bread        
",/recipes/piperade-crusty-bread
"

          Cauliflower crust pizza        
",/recipes/cauliflower-crust-pizza
"

          Sea bass en papillote with Thai flavours        
",/recipes/3159683/sea-bass-en-papillote-with-thai-flavours
"

          Roast pork with pear sauce        
",/recipes/8082/roast-pork-with-pear-sauce
"

          Berry bake with passion fruit drizzle        
",/recipes/588648/berry-bake-with-passion-fruit-drizzle
"

          Carrot cake cookies        
",/recipes/carrot-cake-cookies
"

          Vegetable vegan biriyani with carrot salad        
",/recipes/3091678/vegetable-vegan-biriyani-with-carrot-salad
"

          Saffron chicken with coriander dip        
",/recipes/saffron-chicken-coriander-dip
"

          Grilled chicken & noodles (Bun ga nuong)        
",/recipes/grilled-chicken-noodles-bun-ga-nuong
"

          Cajun grilled chicken with lime black-eyed bean salad & guacamole        
",/recipes/cajun-grilled-chicken-lime-black-eyed-bean-salad-guacamole
"

          Lemon posset with sugared-almond shortbread        
",/recipes/3090678/lemon-posset-with-sugaredalmond-shortbread
"

          Salted caramel & macadamia pralines        
",/recipes/salted-caramel-macadamia-pralines
"

          Mince pie trees        
",/recipes/8822/mince-pie-trees
"

          Cheesy bean & chipotle quesadillas        
",/recipes/cheesy-bean-chipotle-quesadillas
"

          Banana date cake with walnut & honey glaze        
",/recipes/2198639/banana-date-cake-with-walnut-and-honey-glaze
"

          Spaghetti Genovese        
",/recipes/1945/spaghetti-genovese
"

          Sausage & leek pie        
",/recipes/1068/sausage-and-leek-pie
"

          Courgette & orzo bake        
",/recipes/1366647/courgette-and-orzo-bake
"

          Plum & marzipan pie        
",/recipes/plum-marzipan-pie
"

          Blackberry & apple frozen yogurt cake        
",/recipes/blackberry-apple-frozen-yogurt-cake
"

          Squidgy lemon-ginger cake        
",/recipes/1711/squidgy-lemonginger-cake
"

          Asian short ribs with herb salad        
",/recipes/asian-short-ribs-herb-salad
"

          Creamy spiced dhal        
",/recipes/13602/creamy-spiced-dhal
"

          Pan-fried scallops with lime & coriander        
",/recipes/2615/panfried-scallops-with-lime-and-coriander
"

          Finbar's veggie spag bol        
",/recipes/1426/finbars-veggie-spag-bol
"

          Pimm's iced tea        
",/recipes/1364643/pimms-iced-tea
"

          Vietnamese prawn summer rolls        
",/recipes/3161707/vietnamese-prawn-summer-rolls
"

          Fettuccine with seared scallops & prosciutto        
",/recipes/fettuccine-seared-scallops-prosciutto
"

          Minty beetroot dip with chilli pitta crisps        
",/recipes/minty-beetroot-dip-chilli-pitta-crisps
"

          Speedy chorizo with chickpeas        
",/recipes/1544/speedy-chorizo-with-chickpeas
"

          Asparagus pasta with mint pesto        
",/recipes/5860/asparagus-pasta-with-mint-pesto
"

          Sausage ragu & spinach pasta bake        
",/recipes/1813645/sausage-ragu-and-spinach-pasta-bake
"

          Creamy polenta with spinach        
",/recipes/2059/creamy-polenta-with-spinach
"

          Watermelon vodka jelly shots        
",/recipes/watermelon-vodka-jelly-shots
"

          Breakfast smoothie        
",/recipes/3117/breakfast-smoothie
"

          Amaretti peaches with honey & chocolate        
",/recipes/2090/amaretti-peaches-with-honey-and-chocolate
"

          Potage Dubarry with crisp chorizo (Creamy cauliflower soup)        
",/recipes/997637/potage-dubarry-with-crisp-chorizo-creamy-cauliflow
"

          Peas with shallots & lettuce        
",/recipes/1581637/peas-with-shallots-and-lettuce
"

          One-pot lentil chicken        
",/recipes/1982/onepot-lentil-chicken
"

          Chocolate Jaffa pots        
",/recipes/2766669/chocolate-jaffa-pots
"

          Smoky shakshuka        
",/recipes/smoky-shakshuka
"

          Onion, walnut & mushroom tarte Tatin        
",/recipes/333631/onion-walnut-and-mushroom-tarte-tatin
"

          Crushed new potato fish cakes with horseradish mayonnaise        
",/recipes/3084683/crushed-new-potato-fish-cakes-with-horseradish-may
"

          Gooseberry jam        
",/recipes/2303641/gooseberry-jam
"

          Allotment cake        
",/recipes/allotment-cake-0
"

          Classic Amatriciana bucatini        
",/recipes/749646/classic-amatriciana-bucatini
"

          Summer carrot, tarragon & white bean soup        
",/recipes/summer-carrot-tarragon-white-bean-soup
"

          Sticky Port gravy        
",/recipes/sticky-port-gravy
"

          Hot avo & bacon caesar        
",/recipes/2972/hot-avo-and-bacon-caesar
"

          Creamy tomato, courgette & prawn pasta        
",/recipes/creamy-tomato-courgette-prawn-pasta
"

          Lemon & parsley spaghetti        
",/recipes/5159/lemon-and-parsley-spaghetti
"

          Microwave boozy fudge        
",/recipes/microwave-boozy-fudge
"

          Stuffed sweet peppers        
",/recipes/1508652/stuffed-sweet-peppers
"

          Fettuccine with beans & pancetta        
",/recipes/1414643/fettuccine-with-beans-and-pancetta
"

          Baked salmon with fennel & tomatoes        
",/recipes/7745/baked-salmon-with-fennel-and-tomatoes
"

          Easy red wine gravy        
",/recipes/3042/easy-red-wine-gravy
"

          Chunky barbecue potato slices        
",/recipes/1511690/chunky-barbecue-potato-slices
"

          Autumn coleslaw        
",/recipes/12803/autumn-coleslaw
"

          Chilli beef noodles        
",/recipes/2598/chilli-beef-noodles
"

          Wild garlic & nettle soup        
",/recipes/wild-garlic-nettle-soup
"

          Smoked salmon, quinoa & dill lunch pot        
",/recipes/smoked-salmon-quinoa-dill-lunch-pot
"

          Wholewheat flatbreads with beans & poached egg        
",/recipes/wholewheat-flatbreads-beans-poached-egg
"

          Beetroot, carrot & chickpea pittas with spicy yogurt        
",/recipes/1959667/beetroot-carrot-and-chickpea-pittas-with-spicy-yog
"

          Thai-style chicken & sweet potato parcels        
",/recipes/2121672/thaistyle-chicken-and-sweet-potato-parcels
"

          Peanut butter brownies        
",/recipes/1272634/peanut-butter-brownies
"

          Fruity turkey tagine        
",/recipes/fruity-turkey-tagine
"

          Sticky clementine cake with cheesecake cream        
",/recipes/8238/sticky-clementine-cake-with-cheesecake-cream
"

          Onion soup with herby garlic cheese bread        
",/recipes/1813636/onion-soup-with-herby-garlic-cheese-bread
"

          Slow-roast shoulder of lamb with anchovy & rosemary        
",/recipes/1663637/slowroast-shoulder-of-lamb-with-anchovy-and-rosema
"

          Mary's chilli lamb skewers with minted yogurt cooler        
",/recipes/1626/marys-chilli-lamb-skewers-with-minted-yogurt-coole
"

          Cheesy bean potatoes        
",/recipes/8001/cheesy-bean-potatoes
"

          Feta & beetroot salad        
",/recipes/2219671/feta-and-beetroot-salad
"

          Sweet potato & lentil soup        
",/recipes/13416/sweet-potato-and-lentil-soup
"

          Chicken, vegetable & noodle soup        
",/recipes/chicken-vegetable-noodle-soup
"

          Grilled mackerel with escalivada & toasts        
",/recipes/grilled-mackerel-escalivada-toasts
"

          Decadent chocolate truffle torte        
",/recipes/1357/decadent-chocolate-truffle-torte
"

          Lemon-spiced chicken with chickpeas        
",/recipes/5160/lemonspiced-chicken-with-chickpeas
"

          New potatoes with beans & cress         
",/recipes/2817/new-potatoes-with-beans-and-cress-
"

          Spanish meatball & butter bean stew        
",/recipes/spanish-meatball-butter-bean-stew
"

          Sloe gin        
",/recipes/sloe-gin
"

          Jewelled mincemeat        
",/recipes/1798/jewelled-mincemeat
"

          Japanese-style mackerel rice bowl        
",/recipes/japanese-style-mackerel-rice-bowl
"

          Coq au vin with plump prunes        
",/recipes/1308/coq-au-vin-with-plump-prunes
"

          Egg curry         
",/recipes/4530/egg-curry-
"

          Rosemary chicken with oven-roasted ratatouille        
",/recipes/518638/rosemary-chicken-with-ovenroasted-ratatouille
"

          Gluten-free chilli cornbread        
",/recipes/gluten-free-chilli-cornbread
"

          Healthier treacle sponge        
",/recipes/2554640/healthier-treacle-sponge
"

          Lemon roast vegetables with yogurt tahini & pomegranate        
",/recipes/lemon-roast-vegetables-yogurt-tahini-pomegranate
"

          Coconut-crusted lime chicken        
",/recipes/826643/coconutcrusted-lime-chicken
"

          Peach & hazelnut salad        
",/recipes/2372/peach-and-hazelnut-salad
"

          Gyoza        
",/recipes/gyoza
"

          Amaretto fizz        
",/recipes/864650/amaretto-fizz
"

          Vegetable phat Thai        
",/recipes/10655/vegetable-phat-thai
"

          Vietnamese veggie hotpot        
",/recipes/8823/vietnamese-veggie-hotpot
"

          Apple flapjack trifle        
",/recipes/1419/apple-flapjack-trifle
"

          Warm berry compote        
",/recipes/4405/warm-berry-compote
"

          Garlic bread pizzas        
",/recipes/10410/garlic-bread-pizzas
"

          Easiest ever paella        
",/recipes/4021/easiest-ever-paella
"

          Christmas turkey with clementine & bay butter        
",/recipes/2743667/christmas-turkey-with-clementine-and-bay-butter
"

          Roast turkey with pecan, sausage & chestnut stuffing & roast shallots        
",/recipes/1788640/roast-turkey-with-pecan-sausage-and-chestnut-stuff
"

          Chermoula-marinated mackerel        
",/recipes/693640/chermoulamarinated-mackerel
"

          Red pepper houmous        
",/recipes/2242/red-pepper-houmous
"

          Middle Eastern carrot salad        
",/recipes/middle-eastern-carrot-salad
"

          Mustard pickle        
",/recipes/2412640/mustard-pickle
"

          Pears roasted in red wine        
",/recipes/8083/pears-roasted-in-red-wine
"

          Tagliatelle with tuna, lemon & rocket        
",/recipes/2400/tagliatelle-with-tuna-lemon-and-rocket
"

          Herbed chicken, peach & feta salad        
",/recipe/herbed-chicken-peach-feta-salad
"

          Courgette & cauliflower yellow curry        
",/recipes/courgette-cauliflower-yellow-curry
"

          Spicy tomato sauce        
",/recipes/1713/spicy-tomato-sauce
"

          Mushrooms on toast        
",/recipes/12800/mushrooms-on-toast
"

          Prawn chowder with mashed potato        
",/recipes/146606/prawn-chowder-with-mashed-potato
"

          Barbecued leg of pork with grilled summer vegetables        
",/recipe/barbecued-leg-pork-grilled-summer-vegetables
"

          Moroccan lamb meatballs with harissa & couscous        
",/recipes/12344/moroccan-lamb-meatballs-with-harissa-and-couscous
"

          Coconut cherry berry fool        
",/recipes/coconut-cherry-berry-fool
"

          BBQ tandoori-style chicken        
",/recipes/bbq-tandoori-style-chicken
"

          Jerk sweet potato & black bean curry        
",/recipes/2835667/jerk-sweet-potato-and-black-bean-curry
"

          Passion layer torte        
",/recipes/passion-layer-torte
"

          Pot-roast loin of pork in cider with celeriac        
",/recipes/pot-roast-loin-pork-cider-celeriac
"

          Rabbit & mushroom hotpot        
",/recipes/4810/rabbit-and-mushroom-hotpot
"

          Carrot & cream cheese cupcakes        
",/recipes/470640/carrot-and-cream-cheese-cupcakes
"

          White mulled wine        
",/recipes/2760970/white-mulled-wine
"

          Steamed vanilla sponge with butterscotch sauce & custard        
",/recipes/1771637/steamed-vanilla-sponge-with-butterscotch-sauce-and
"

          Blueberry lemon cake with coconut crumble topping        
",/recipes/4635/blueberry-lemon-cake-with-coconut-crumble-topping
"

          Sesame noodles with tofu        
",/recipes/3404/sesame-noodles-with-tofu
"

          Ricotta hot cakes with crispy bacon & mixed leaves        
",/recipes/1058/ricotta-hot-cakes-with-crispy-bacon-and-mixed-leav
"

          Pot-roast loin of pork with celeriac, shallots & pancetta        
",/recipes/1170/potroast-loin-of-pork-with-celeriac-shallots-and-p
"

          Warm rice & prawn salad        
",/recipes/3261/warm-rice-and-prawn-salad
"

          Grilled dab with garlic butter        
",/recipes/1898659/grilled-dab-with-garlic-butter
"

          Griddled lamb with wild rice salad        
",/recipes/griddled-lamb-wild-rice-salad
"

          Vanilla custard        
",/recipes/1133643/vanilla-custard
"

          Smoked haddock & creamed corn curry        
",/recipes/smoked-haddock-creamed-corn-curry
"

          Gooseberry & vanilla custard tart        
",/recipes/3147705/gooseberry-and-vanilla-custard-tart
"

          Guinea fowl with roast chestnuts        
",/recipes/8012/guinea-fowl-with-roast-chestnuts
"

          Sticky salmon with Chinese greens        
",/recipes/8107/sticky-salmon-with-chinese-greens
"

          Sticky lemon & sesame chicken        
",/recipes/sticky-lemon-sesame-chicken
"

          Chilli cheese omelette        
",/recipes/2973/chilli-cheese-omelette
"

          Mini sage & onion scones        
",/recipes/889639/mini-sage-and-onion-scones
"

          Roast parsnip & chestnut salad        
",/recipes/roast-parsnip-chestnut-salad
"

          Salmon & horseradish burgers        
",/recipes/2121654/salmon-and-horseradish-burgers
"

          Herby asparagus & bacon tart        
",/recipes/2150649/herby-asparagus-and-bacon-tart
"

          Oaty nutty apple crumble        
",/recipes/1813680/oaty-nutty-apple-crumble
"

          Stir-fried greens in oyster sauce        
",/recipes/1166642/stirfried-greens-in-oyster-sauce
"

          Sorbet fizz         
",/recipes/4536/sorbet-fizz-
"

          Milk chocolate pots with citrus shortbread        
",/recipes/milk-chocolate-pots-citrus-shortbread
"

          Pasta with mozzarella, mint & fresh tomato sauce        
",/recipes/12356/pasta-with-mozzarella-mint-and-fresh-tomato-sauce
"

          Asparagus salad with a runny poached egg        
",/recipes/asparagus-salad-runny-poached-egg
"

          Peppermint hot chocolate        
",/recipes/890641/peppermint-hot-chocolate
"

          Crisp crumb fish cakes        
",/recipes/10408/crisp-crumb-fish-cakes
"

          Maple-glazed hot dogs with mustardy onions         
",/recipes/725641/mapleglazed-hot-dogs-with-mustardy-onions-
"

          Festive fruit & spice decoration        
",/recipes/2566/festive-fruit-and-spice-decoration
"

          Cranberry, sprout & pecan pilaf        
",/recipes/cranberry-sprout-pecan-pilaf
"

          Ham, leek & potato pie        
",/recipes/8812/ham-leek-and-potato-pie
"

          Malt loaf with banana & honey        
",/recipes/2141647/malt-loaf-with-banana-and-honey
"

          Couscous & fish in a bag        
",/recipes/3605/couscous-and-fish-in-a-bag
"

          Mojito ice lollies        
",/recipes/mojito-ice-pop
"

          Baked peanut chicken with carrot & cucumber salad        
",/recipes/baked-peanut-chicken-carrot-cucumber-salad
"

          Lamb skewers on the grill        
",/recipes/1903/lamb-skewers-on-the-grill
"

          Warm winter fruit with chestnuts        
",/recipes/8019/warm-winter-fruit-with-chestnuts
"

          Tear-and-share stuffed deli rolls        
",/recipes/tear-and-share-stuffed-deli-rolls
"

          Grilled Mediterranean veg with bean mash        
",/recipes/7746/grilled-mediterranean-veg-with-bean-mash
"

          Stem ginger & squash steamed pudding        
",/recipes/2853683/stem-ginger-and-squash-steamed-pudding
"

          Sticky tempeh, mango & lime noodle salad        
",/recipes/sticky-tempeh-mango-lime-noodle-salad
"

          Classic chunky fish cakes        
",/recipes/1094668/classic-chunky-fish-cakes
"

          Roasted fennel with tomatoes, olives & potatoes        
",/recipes/1368635/roasted-fennel-with-tomatoes-olives-and-potatoes
"

          Chocolate pear crisp        
",/recipes/5132/chocolate-pear-crisp
"

          Split pea & green pea smoked ham soup        
",/recipes/1022639/split-pea-and-green-pea-smoked-ham-soup
"

          Sesame chicken with soy dip        
",/recipes/8831/sesame-chicken-with-soy-dip
"

          Hot cross buns        
",/recipes/400617/hot-cross-buns
"

          Sticky citrus chicken with carrots & cashews        
",/recipes/sticky-citrus-chicken-carrots-cashews
"

          Elderflower & raspberry spritzer        
",/recipes/2357/elderflower-and-raspberry-spritzer
"

          St Clements carrots        
",/recipes/8819/st-clements-carrots
"

          Sicilian stuffed sardines        
",/recipe/sicilian-stuffed-sardines
"

          Courgette, lemon & chilli tagliatelle        
",/recipes/1366650/courgette-lemon-and-chilli-tagliatelle
"

          Mediterranean fish parcels         
",/recipes/2383/mediterranean-fish-parcels-
"

          Perky penguins        
",/recipes/perky-penguins
"

          Turkish delight vodka        
",/recipes/1803646/turkish-delight-vodka
"

          Smashed bean dip        
",/recipes/749635/smashed-bean-dip
"

          Mary's prawn & corn rosti        
",/recipes/2092/marys-prawn-and-corn-rosti
"

          Watercress & artichoke soup        
",/recipes/watercress-artichoke-soup
"

          Salsa soup        
",/recipes/2553/salsa-soup
"

          Quick-to-mix mincemeat        
",/recipes/quick-mix-mincemeat
"

          Prawn & pink grapefruit noodle salad        
",/recipes/2610638/prawn-and-pink-grapefruit-noodle-salad
"

          Plumbrillo        
",/recipes/7728/plumbrillo
"

          Spicy courgette pitta pockets        
",/recipes/3077677/spicy-courgette-pitta-pockets
"

          Martini         
",/recipes/martini
"

          Summer fruit compote        
",/recipes/2536650/summer-fruit-compote
"

          Iced nougat & raspberry terrine        
",/recipes/896666/iced-nougat-and-raspberry-terrine
"

          Apple, pear & cherry compote        
",/recipes/355604/apple-pear-and-cherry-compote
"

          Sausage roll twists with tomato dip         
",/recipes/4503/sausage-roll-twists-with-tomato-dip-
"

          Lighter Coronation chicken & avocado sandwich        
",/recipes/lighter-coronation-chicken-avocado-sandwich
"

          Rigatoni with spiced prawns, tomatoes & chorizo        
",/recipes/749644/rigatoni-with-spiced-prawns-tomatoes-and-chorizo
"

          Rarebit pork chops        
",/recipes/2215/rarebit-pork-chops
"

          Turkish one-pan eggs & peppers (Menemen)        
",/recipes/1263668/turkish-onepan-eggs-and-peppers-menemen
"

          Skewered melon & prosciutto        
",/recipes/6505/skewered-melon-and-prosciutto
"

          Chicken with beetroot & watercress        
",/recipes/3007/chicken-with-beetroot-and-watercress
"

          Tuna avocado with Caesar dressing        
",/recipes/2376/tuna-avocado-with-caesar-dressing
"

          Prawn & fennel cocktail        
",/recipes/1776/prawn-and-fennel-cocktail
"

          Berry crumble pots        
",/recipes/666647/berry-crumble-pots
"

          Biscuity lime pie        
",/recipes/5521/biscuity-lime-pie
"

          Free-form Florentine pie        
",/recipes/1088635/freeform-florentine-pie
"

          Mango chicken with spiced pilau        
",/recipes/230612/mango-chicken-with-spiced-pilau
"

          Loin of lamb, wilted spinach, carrots & rosemary potatoes        
",/recipes/loin-lamb-wilted-spinach-carrots-rosemary-potatoes
"

          Oven pork chops with roasted potato wedges        
",/recipes/1519/oven-pork-chops-with-roasted-potato-wedges
"

          Broad bean, barley & mint salad        
",/recipes/3077685/broad-bean-barley-and-mint-salad
"

          Moroccan tomato & chickpea soup with couscous         
",/recipes/2303683/moroccan-tomato-and-chickpea-soup-with-couscous-
"

          Irish stew        
",/recipes/1698/irish-stew
"

          Roast whole fish with salsa romesco        
",/recipes/12391/roast-whole-fish-with-salsa-romesco
"

          Roast cauliflower & hazelnut pilaf        
",/recipes/2778663/roast-cauliflower-and-hazelnut-pilaf
"

          Rich nutmeg ice cream        
",/recipes/3044/rich-nutmeg-ice-cream
"

          Caramel cheesecake        
",/recipes/10198/caramel-cheesecake
"

          Charred spring onions        
",/recipes/charred-spring-onions
"

          Leek, cheese & potato pasties        
",/recipes/1958638/leek-cheese-and-potato-pasties
"

          Hot & sour fish soup        
",/recipes/1758649/hot-and-sour-fish-soup
"

          Cinnamon rubbed salmon with couscous & harissa yogurt        
",/recipes/826641/cinnamon-rubbed-salmon-with-couscous-and-harissa-y
"

          Red cabbage & potato hash        
",/recipes/2778671/red-cabbage-and-potato-hash
"

          Broccoli, walnut and blue cheese pasta        
",/recipes/8253/broccoli-walnut-and-blue-cheese-pasta
"

          Sweet balsamic pork with caraway slaw        
",/recipes/sweet-balsamic-pork-caraway-slaw
"

          Pappardelle with beef        
",/recipes/353608/pappardelle-with-beef
"

          Smoky chermoula salmon        
",/recipes/1511682/smoky-chermoula-salmon
"

          Barbecued sticky Chinese pork chops        
",/recipes/1403636/barbecued-sticky-chinese-pork-chops
"

          Peanut butter & banana on toast        
",/recipes/1897711/peanut-butter-and-banana-on-toast
"

          Chocolate layer cake with passion fruit icing        
",/recipes/jo-wheatleys-chocolate-layer-cake-passion-fruit-icing
"

          Chewy cranberry choc-nut cookie kit         
",/recipes/2807668/chewy-cranberry-chocnut-cookie-kit-
"

          Rhubarb crumble muffins        
",/recipes/1263686/rhubarb-crumble-muffins
"

          Turnip & butternut smash        
",/recipes/1959663/turnip-and-butternut-smash
"

          Plum, hazelnut & chocolate cake        
",/recipes/7562/plum-hazelnut-and-chocolate-cake
"

          Braised chestnuts, apples & Brussels sprouts        
",/recipes/braised-chestnuts-apples-brussels-sprouts
"

          Bean salad with yogurt avocado dressing        
",/recipes/bean-salad-yogurt-avocado-dressing
"

          Pasta & meatball soup with cheesy croutons        
",/recipes/1267636/pasta-and-meatball-soup-with-cheesy-croutons
"

          Grapefruit, orange & apricot salad        
",/recipes/2220663/grapefruit-orange-and-apricot-salad
"

          Gluten-free hot cross buns        
",/recipes/2119644/glutenfree-hot-cross-buns
"

          Smoked salmon with Asian dressing        
",/recipes/72600/smoked-salmon-with-asian-dressing
"

          Strawberry mess        
",/recipes/3124/strawberry-mess
"

          Runner bean samosas        
",/recipes/runner-bean-samosas
"

          Chorizo & kale hash with a fried egg        
",/recipes/chorizo-kale-hash-fried-egg
"

          5 easy pizza toppings        
",/recipes/2121670/5-easy-pizza-toppings
"

          Cardamom butter chicken        
",/recipes/2220652/cardamom-butter-chicken
"

          Maple spiced parsnips        
",/recipes/maple-spiced-parsnips
"

          Honey saffron Christmas cake        
",/recipes/4876/honey-saffron-christmas-cake
"

          Pork & parsnip traybake        
",/recipes/pork-parsnip-traybake
"

          Lettuce & fennel salad with orange & mustard dressing        
",/recipes/6499/lettuce-and-fennel-salad-with-orange-and-mustard-d
"

          Pork & radish stir-fry        
",/recipes/pork-radish-stir-fry
"

          Indian rice salad with chicken        
",/recipe/indian-rice-salad-chicken
"

          Saddle of lamb stuffed with ratatouille        
",/recipes/13107/saddle-of-lamb-stuffed-with-ratatouille
"

          Strawberry & poppy seed cake        
",/recipes/3147691/strawberry-and-poppy-seed-cake
"

          Rainbow tomato salad        
",/recipes/2365635/rainbow-tomato-salad
"

          Chocolate orange & cranberry red velvet bombe        
",/recipes/chocolate-orange-cranberry-red-velvet-bombe
"

          West Indian-style chicken legs with sauce chien        
",/recipes/west-indian-style-chicken-legs-sauce-chien
"

          Soused red cabbage        
",/recipes/soused-red-cabbage
"

          Spiced mackerel on toast with beetroot salsa        
",/recipes/5873/spiced-mackerel-on-toast-with-beetroot-salsa
"

          Sausage & apple Toad-in-the-hole        
",/recipes/3029/sausage-and-apple-toadinthehole
"

          Partridge in cider with apples & celery        
",/recipes/partridge-cider-apples-celery
"

          Bacon & mushroom risotto        
",/recipes/1897681/bacon-and-mushroom-risotto
"

          Veggie breakfast bakes        
",/recipes/1897719/veggie-breakfast-bakes
"

          Frozen strawberry yogurt        
",/recipes/1397637/frozen-strawberry-yogurt
"

          Beer-braised lentils        
",/recipes/beer-braised-lentils
"

          Peach & redcurrant sour cream ring        
",/recipes/7036/peach-and-redcurrant-sour-cream-ring
"

          Mincemeat, apple & cranberry lattice tart        
",/recipes/mincemeat-apple-cranberry-lattice-tart
"

          Pasta with pine nuts, broccoli, sardines & fennel        
",/recipes/2220688/pasta-with-pine-nuts-broccoli-sardines-and-fennel
"

          Big chicken & crouton salad        
",/recipes/679635/big-chicken-and-crouton-salad
"

          Caramelised onion quiche with cheddar & bacon        
",/recipes/caramelised-onion-quiche-cheddar-bacon
"

          Artichokes with Parmesan butter sauce        
",/recipes/2855/artichokes-with-parmesan-butter-sauce
"

          Vanilla & pomegranate cake        
",/recipes/1369645/vanilla-and-pomegranate-cake
"

          Praline meringue cake with strawberries        
",/recipes/6353/praline-meringue-cake-with-strawberries
"

          Chilli & ginger nuts        
",/recipes/chilli-ginger-nuts
"

          Chunky cheddar & celeriac soup        
",/recipes/2077/chunky-cheddar-and-celeriac-soup
"

          Chorizo, caper & rocket pizza        
",/recipes/1506638/chorizo-caper-and-rocket-pizza
"

          Sugar plum marshmallows        
",/recipes/sugar-plum-marshmallows
"

          Oregano & lemon roasties        
",/recipes/10579/oregano-and-lemon-roasties
"

          Corn & green bean cakes with avocado & chilli jam        
",/recipe/corn-green-bean-cakes-avocado-chilli-jam
"

          Smoked mackerel chowder with hedgehog garlic bread        
",/recipes/smoked-mackerel-chowder-hedgehog-garlic-bread-0
"

          Lighter treacle tart        
",/recipes/lighter-treacle-tart
"

          Easy iced buns        
",/recipes/1269636/easy-iced-buns
"

          Parma ham & peach plates        
",/recipes/11700/parma-ham-and-peach-plates
"

          Roasted herby mushrooms        
",/recipes/1039647/roasted-herby-mushrooms
"

          Courgette, broccoli & gremolata pasta        
",/recipes/1396633/courgette-broccoli-and-gremolata-pasta
"

          Cheesy French toast with ham & grilled vine tomatoes        
",/recipes/73609/cheesy-french-toast-with-ham-and-grilled-vine-toma
"

          Pea, bean & bacon tart        
",/recipes/2249644/pea-bean-and-bacon-tart
"

          Choc-egg lollies        
",/recipes/2066641/chocegg-lollies
"

          Harissa turkey kofta & carrot pittas        
",/recipes/2248644/harissa-turkey-kofta-and-carrot-pittas
"

          Beetroot & mint dip        
",/recipes/3161692/beetroot-and-mint-dip
"

          Steak & caramelised onion sandwich        
",/recipes/2228/steak-and-caramelised-onion-sandwich
"

          Tricolore tagliatelle         
",/recipes/2227/tricolore-tagliatelle-
"

          Garland sausage roll slice        
",/recipes/69610/garland-sausage-roll-slice
"

          Italian baked sea bass        
",/recipes/1993655/italian-baked-sea-bass
"

          Rhubarb & custard cocktail        
",/recipes/2955684/rhubarb-and-custard-cocktail
"

          Two-part pheasant        
",/recipes/1144/twopart-pheasant
"

          Spicy tuna quinoa salad        
",/recipes/2364643/spicy-tuna-quinoa-salad
"

          Prawn, mango & spring onion pakoras        
",/recipes/3188/prawn-mango-and-spring-onion-pakoras
"

          Prawn & chorizo frittata        
",/recipes/408650/prawn-and-chorizo-frittata
"

          Coq au vin with garlic croissant puffs        
",/recipes/coq-au-vin-garlic-croissant-puffs
"

          Low-sugar marmalade        
",/recipes/1168/lowsugar-marmalade
"

          Winter leaf & parsnip salad with walnuts        
",/recipes/47614/winter-leaf-and-parsnip-salad-with-walnuts
"

          Cranberry meringue roulade        
",/recipes/cranberry-meringue-roulade
"

          Strawberry & vanilla shortcakes        
",/recipes/6370/strawberry-and-vanilla-shortcakes
"

          Cupcake Christmas tree        
",/recipes/cupcake-christmas-tree
"

          Fish pie with swede & potato topping        
",/recipes/1372/fish-pie-with-swede-and-potato-topping
"

          Treacle tart bars        
",/recipes/treacle-tart-bars
"

          Lemon & rosemary crusted fish fillets        
",/recipes/9973/lemon-and-rosemary-crusted-fish-fillets
"

          Lemon Bakewell tarts        
",/recipes/1898650/lemon-bakewell-tarts
"

          Coconut-crumbed fish with sweet chilli slaw        
",/recipes/coconut-crumbed-fish-sweet-chilli-slaw-0
"

          Pears in Gaillac doux        
",/recipes/1097/pears-in-gaillac-doux
"

          Creamy pesto & chicken pasta salad        
",/recipes/1897717/creamy-pesto-and-chicken-pasta-salad
"

          Vanilla jellies with apricot & raspberry compote        
",/recipes/11758/vanilla-jellies-with-apricot-and-raspberry-compote
"

          Limoncello & raspberry semi-freddo        
",/recipes/1100/limoncello-and-raspberry-semifreddo
"

          Spiced broccoli with paneer        
",/recipes/spiced-broccoli-paneer
"

          Bean & pesto mash        
",/recipes/1742637/bean-and-pesto-mash
"

          Chicken mole with coriander rice        
",/recipes/3020697/chicken-mole-with-coriander-rice
"

          Pappardelle with rabbit & chestnut ragu        
",/recipes/pappardelle-rabbit-chestnut-ragu
"

          Sausage & root veg stovie        
",/recipes/2586/sausage-and-root-veg-stovie
"

          Veggie spiral pie with spiced tomato sauce & chopped salad        
",/recipes/veggie-spiral-pie-spiced-tomato-sauce-chopped-salad
"

          Poached salmon with tarragon        
",/recipes/poached-salmon-tarragon-0
"

          Lighter chicken Kiev        
",/recipes/lighter-chicken-kiev
"

          Warm lentil salad with Serrano, chicken & rocket        
",/recipes/11601/warm-lentil-salad-with-serrano-chicken-and-rocket
"

          Roast rack of pork with wild garlic stuffing        
",/recipes/roast-rack-pork-wild-garlic-stuffing
"

          Crispy filo tart with seasonal veg        
",/recipes/crispy-filo-tart-seasonal-veg
"

          French-style chicken with peas & bacon        
",/recipes/518641/frenchstyle-chicken-with-peas-and-bacon
"

          Courgette, ham & ricotta tarts        
",/recipes/665639/courgette-ham-and-ricotta-tarts
"

          The Ultimate Makeover: Chicken tikka masala         
",/recipes/786679/the-ultimate-makeover-chicken-tikka-masala-
"

          Onion & goat's cheese tarts        
",/recipes/2925/onion-and-goats-cheese-tarts
"

          Ripped chocolate bombe        
",/recipes/3392/ripped-chocolate-bombe
"

          Pot-roast pheasant with pearl barley & stuffed onions        
",/recipes/pot-roast-pheasant-pearl-barley-stuffed-onions
"

          Stir-fry with broccoli & brown rice        
",/recipes/stir-fried-quorn-broccoli-brown-rice
"

          Classic pancakes        
",/recipes/1710/classic-pancakes
"

          Spicy mushroom & broccoli noodles        
",/recipes/764645/spicy-mushroom-and-broccoli-noodles
"

          Continental chicken & pepper salad        
",/recipes/2350/continental-chicken-and-pepper-salad
"

          Lighter Cassoulet        
",/recipes/lighter-cassoulet
"

          Bahia-style Moqueca prawn stew        
",/recipes/bahia-style-moqueca-prawn-stew
"

          Cauliflower cheese & spinach pasta bakes        
",/recipes/166618/cauliflower-cheese-and-spinach-pasta-bakes
"

          Onion & butternut bhajis with rotis, mango raita & mint salad        
",/recipes/3159678/onion-and-butternut-bhajis-with-rotis-mango-raita-
"

          Homemade tortilla chips with guacamole & charred tomato salsa        
",/recipes/2068636/homemade-tortilla-chips-with-guacamole-and-charred
"

          Fab sandwich fillers        
",/recipes/2860/fab-sandwich-fillers
"

          Classic trifle        
",/recipes/155633/ruby-fruit-jelly-trifle
"

          Warm chicken & ciabatta salad        
",/recipes/warm-chicken-ciabatta-salad
"

          15-minute summer soup        
",/recipes/2128/15minute-summer-soup
"

          Pitta pizzas        
",/recipes/518639/pitta-pizzas
"

          Prawn salad with orange, red onion & avocado        
",/recipes/2141641/prawn-salad-with-orange-red-onion-and-avocado
"

          Summer fruit quinoa salad        
",/recipe/summer-fruit-quinoa-salad
"

          Cheesy chicken bake with new potatoes        
",/recipes/408648/cheesy-chicken-bake-with-new-potatoes
"

          Devil pigs on horseback        
",/recipes/devil-pigs-horseback
"

          Best-ever chunky guacamole        
",/recipes/9088/bestever-chunky-guacamole
"

          Spring veg mix        
",/recipes/2138672/spring-veg-mix
"

          Roasted spring vegetable pizza        
",/recipes/1234/roasted-spring-vegetable-pizza
"

          Quick curried kedgeree        
",/recipes/3072/quick-curried-kedgeree
"

          Spring cabbage with mustard seeds        
",/recipes/2040648/spring-cabbage-with-mustard-seeds
"

          Saffron's Brownies        
",/recipes/1912/saffrons-brownies
"

          Little rose & almond cupcakes        
",/recipes/1276638/little-rose-and-almond-cupcakes
"

          Tarte Tatin        
",/recipes/tarte-tatin
"

          Braised red cabbage with cider & apples        
",/recipes/3064/braised-red-cabbage-with-cider-and-apples
"

          Quick steak grill        
",/recipes/3804/quick-steak-grill
"

          Herby mushroom pasta        
",/recipes/1586/herby-mushroom-pasta
"

          Crisp bacon & avocado toasts        
",/recipes/1531/crisp-bacon-and-avocado-toasts
"

          Fish finger torpedoes        
",/recipes/1704/fish-finger-torpedoes
"

          Christmas tree crispy pops        
",/recipes/1840643/christmas-tree-crispy-pops
"

          Apricot & ratafia sponge cake        
",/recipes/2141638/apricot-and-ratafia-sponge-cake
"

          Cranberry & orange hot cross buns        
",/recipes/cranberry-orange-hot-cross-buns
"

          Plum & marzipan tart tatin        
",/recipes/1332/plum-and-marzipan-tart-tatin
"

          Pea, pancetta & potato salad        
",/recipes/1570640/pea-pancetta-and-potato-salad
"

          Roasted wood pigeon on toast        
",/recipes/roasted-wood-pigeon-toast
"

          Pork & chorizo enchiladas        
",/recipes/pork-chorizo-enchiladas
"

          Rosemary & anchovy lamb steaks        
",/recipes/11236/rosemary-and-anchovy-lamb-steaks
"

          One pan spicy rice        
",/recipes/1642/one-pan-spicy-rice
"

          Baked feta with chilli & oregano        
",/recipes/711646/baked-feta-with-chilli-and-oregano
"

          Warm lobster & potato salad with truffled mayonnaise        
",/recipes/8821/warm-lobster-and-potato-salad-with-truffled-mayonn
"

          Citrus-spiked sea bass        
",/recipe/citrus-spiked-sea-bass
"

          Spicy couscous salad        
",/recipes/11262/spicy-couscous-salad
"

          Lighter Chocolate cake with chocolate icing        
",/recipes/lighter-chocolate-cake-chocolate-icing
"

          Crunchy baked eggs        
",/recipes/2978/crunchy-baked-eggs
"

          Gaby's Victoria sandwich        
",/recipes/1162657/gabys-victoria-sandwich
"

          Honey & mustard steak with mushrooms        
",/recipes/2936/honey-and-mustard-steak-with-mushrooms
"

          Triple cheese & bacon Dauphinoise        
",/recipes/triple-cheese-bacon-dauphinoise
"

          Vintage vanilla fudge        
",/recipes/3148690/vintage-vanilla-fudge
"

          Crab risotto        
",/recipes/crab-risotto
"

          Zesty strawberries with Cointreau        
",/recipes/6377/zesty-strawberries-with-cointreau
"

          Roasted salmon, pepper & broad bean salad        
",/recipes/749721/roasted-salmon-pepper-and-broad-bean-salad
"

          Almond & cinnamon rice        
",/recipes/2132/almond-and-cinnamon-rice
"

          White Russian         
",/recipes/white-russian
"

          Harissa        
",/recipes/1977657/harissa
"

          Butter-poached asparagus, leeks & peas        
",/recipes/butter-poached-asparagus-leeks-peas
"

          Veggie bolognese        
",/recipes/9080/veggie-bolognese
"

          Pear, nut & blackberry Bircher        
",/recipes/pear-nut-blackberry-bircher
"

          Chinese pork one-pot        
",/recipes/3014/chinese-pork-onepot
"

          Singapore noodles with tofu        
",/recipes/10769/singapore-noodles-with-tofu
"

          Burnt butterscotch rice pudding        
",/recipes/burnt-butterscotch-rice-pudding
"

          Minted ham & pea soup shots        
",/recipes/minted-ham-pea-soup-shots
"

          Oriental pork balls in hoisin broth        
",/recipes/2040635/oriental-pork-balls-in-hoisin-broth
"

          Wild mushroom lasagne with a Parmesan cream        
",/recipes/847645/wild-mushroom-lasagne-with-a-parmesan-cream
"

          On-the-run breakfast bars        
",/recipes/1605/ontherun-breakfast-bars
"

          Shepherd's pie pasties        
",/recipes/884643/shepherds-pie-pasties
"

          Easy creamy coleslaw        
",/recipes/easy-creamy-coleslaw
"

          Orange polenta cake        
",/recipes/12341/orange-polenta-cake
"

          Creamy bread & onion sauce        
",/recipes/8274/creamy-bread-and-onion-sauce
"

          Tomato & mozzarella spaghetti bake        
",/recipes/12693/tomato-and-mozzarella-spaghetti-bake
"

          Garden veg pasta        
",/recipes/518634/garden-veg-pasta
"

          Roast sausage & squash with mustard & sage        
",/recipes/roast-sausage-squash-mustard-sage
"

          Sticky chocolate pudding with marshmallows        
",/recipes/845658/sticky-chocolate-pudding-with-marshmallows
"

          Bacon, sausage & prune rolls        
",/recipes/893638/bacon-sausage-and-prune-rolls
"

          Cupcake caterpillar birthday cake        
",/recipes/cupcake-caterpillar-birthday-cake
"

          Stir-fried rice with cabbage & bacon        
",/recipes/1649/stirfried-rice-with-cabbage-and-bacon
"

          Oatmeal raisin cookies        
",/recipes/oatmeal-raisin-cookies
"

          Fry bodi (Caribbean green beans)        
",/recipes/fry-bodi
"

          Autumn crunchy crumble        
",/recipes/autumn-crunchy-crumble
"

          Baby back ribs with Carolina baste        
",/recipes/baby-back-ribs-carolina-baste
"

          Healthier chicken balti        
",/recipes/2220666/healthier-chicken-balti
"

          Aubergine, prawn & chorizo salad with preserved lemon dressing        
",/recipe/aubergine-prawn-chorizo-salad-preserved-lemon-dressing
"

          Mixed vegetable tagine        
",/recipes/1984/mixed-vegetable-tagine
"

          Greek beans with seared lamb        
",/recipes/2536649/greek-beans-with-seared-lamb
"

          Marmalade carrots        
",/recipes/1789647/marmalade-carrots
"

          Chorizo pizza with peppers & Manchego        
",/recipes/chorizo-pizza-peppers-manchego
"

          Aubergine, chilli & bacon pasta        
",/recipes/874651/aubergine-chilli-and-bacon-pasta
"

          Strawberry hazelnut tart        
",/recipes/590634/strawberry-hazelnut-tart
"

          Squidgy pear & hazelnut chocolate spread cake        
",/recipes/squidgy-pear-hazelnut-chocolate-spread-cake
"

          Smoked trout, beetroot & horseradish flatbread        
",/recipes/2248647/smoked-trout-beetroot-and-horseradish-flatbread
"

          Spring roast chicken        
",/recipes/spring-roast-chicken
"

          Greek salad omelette         
",/recipes/1938/greek-salad-omelette-
"

          Roasted red pepper & tuna salad with Sherry vinegar        
",/recipes/636634/roasted-red-pepper-and-tuna-salad-with-sherry-vine
"

          Gravadlax         
",/recipes/2793665/gravadlax-
"

          Aromatic chicken curry        
",/recipes/3458/aromatic-chicken-curry
"

          Spicy bean & corn dip        
",/recipes/2220664/spicy-bean-and-corn-dip
"

          Sticky clementine & ginger puddings        
",/recipes/4845/sticky-clementine-and-ginger-puddings
"

          Bacon, spinach & Gorgonzola pasta        
",/recipes/1162661/bacon-spinach-and-gorgonzola-pasta
"

          All-in-one chunky winter broth        
",/recipes/1470/allinone-chunky-winter-broth
"

          Mini pizza quiches        
",/recipes/mini-pizza-quiches
"

          Lamb shanks with chickpeas & Moroccan spices        
",/recipes/3137/lamb-shanks-with-chickpeas-and-moroccan-spices
"

          Halloumi with broccoli tabbouleh & honey-harissa dressing        
",/recipe/halloumi-broccoli-tabbouleh-honey-harissa-dressing
"

          Sardine storecupboard spaghetti        
",/recipes/3077681/sardine-storecupboard-spaghetti
"

          Spanish ham with crusty bread & chopped tomato        
",/recipes/spanish-ham-crusty-bread-chopped-tomato
"

          Couscous-stuffed beef tomatoes        
",/recipes/2947/couscousstuffed-beef-tomatoes
"

          Prune & chocolate torte        
",/recipes/3393/prune-and-chocolate-torte
"

          Super-green fish cakes        
",/recipes/super-green-fish-cakes
"

          Beef Wellington        
",/recipes/2538/beef-wellington
"

          Open sandwiches - Crushed bean, artichoke & red onion        
",/recipes/5129/open-sandwiches--crushed-bean-artichoke-and-red-on
"

          Cold chicken noodle salad        
",/recipes/cold-chicken-noodle-salad
"

          Herb-brined pork chops        
",/recipes/herb-brined-pork-chops
"

          Thai prawn, ginger & spring onion stir-fry        
",/recipes/468653/thai-prawn-ginger-and-spring-onion-stirfry
"

          Crunchy chicken salad        
",/recipes/1802/crunchy-chicken-salad
"

          Ginger, apple & vanilla punch        
",/recipes/2219659/ginger-apple-and-vanilla-punch
"

          Crisp roast pork with honey mustard gravy        
",/recipes/10792/crisp-roast-pork-with-honey-mustard-gravy
"

          Tomato & mozzarella couscous salad        
",/recipes/1214/tomato-and-mozzarella-couscous-salad
"

          Rainbow bhajis with coriander cream        
",/recipes/rainbow-bhajis-coriander-cream
"

          Grilled lamb & potato crush        
",/recipes/2063/grilled-lamb-and-potato-crush
"

          Four & thirty braised lamb        
",/recipes/3395/four-and-thirty-braised-lamb
"

          Baby spinach & bacon bistro salad        
",/recipes/10191/baby-spinach-and-bacon-bistro-salad
"

          Barbecued chilli duck & pineapple salad        
",/recipes/1511685/barbecued-chilli-duck-and-pineapple-salad
"

          Mixed grain & preserved lemon salad        
",/recipes/mixed-grain-preserved-lemon-salad
"

          Crispy sesame fish burger with lime mayo        
",/recipes/crispy-sesame-fish-burger-lime-mayo
"

          Courgette & tomato soup        
",/recipes/2536640/courgette-and-tomato-soup
"

          Flageolet bean pie        
",/recipes/3550/flageolet-bean-pie
"

          Heart helper smoothie        
",/recipes/heart-helper-smoothie
"

          Beach bar special        
",/recipes/2993/beach-bar-special
"

          Lime & coconut ice lollies        
",/recipes/lime-coconut-ice-lollies
"

          Sticky lemon pork        
",/recipes/5401/sticky-lemon-pork
"

          Lighter Bakewell tart        
",/recipes/3094691/lighter-bakewell-tart
"

          Roasted grape, carrot & wild rice salad with balsamic maple dressing        
",/recipes/roasted-grape-carrot-wild-rice-salad-balsamic-maple-dressing
"

          Crab linguine with chilli & parsley        
",/recipes/1120669/crab-linguine-with-chilli-and-parsley
"

          Spicy turkey & pepper bake        
",/recipes/1656634/spicy-turkey-and-pepper-bake
"

          Smoky rashers & tomatoes on toast        
",/recipes/smoky-rashers-tomatoes-toast
"

          Beef, leek & swede Cumberland pie        
",/recipes/beef-leek-swede-cumberland-pie
"

          One-pot roast pork chops with fennel & potatoes        
",/recipes/724640/onepot-roast-pork-chops-with-fennel-and-potatoes
"

          Speedy pasta Bolognese        
",/recipes/3408/speedy-pasta-bolognese
"

          Pan-cooked mackerel with beetroot salsa & bean mash        
",/recipes/pan-cooked-mackerel-beetroot-salsa-bean-mash
"

          Spicy oven-baked chicken & chips        
",/recipes/spicy-oven-baked-chicken-chips
"

          Granny Cook's Christmas pud        
",/recipes/893661/granny-cooks-christmas-pud
"

          Prawn tacos        
",/recipes/1508651/prawn-tacos
"

          Thai satay prawns        
",/recipes/thai-satay-prawns
"

          Salmon, strawberry & fennel salad        
",/recipes/3133/salmon-strawberry-and-fennel-salad
"

          Beef schnitzel        
",/recipes/1369649/beef-schnitzel
"

          New potatoes with radishes & cured ham        
",/recipes/11230/new-potatoes-with-radishes-and-cured-ham
"

          Five-spice, soy & lemon roast chicken        
",/recipes/five-spice-soy-lemon-roast-chicken
"

          Chicken, sweetcorn & noodle soup        
",/recipes/1363651/chicken-sweetcorn-and-noodle-soup
"

          Ricotta pancakes with winter fruit compote & vanilla yogurt        
",/recipes/ricotta-pancakes-winter-fruit-compote-vanilla-yogurt
"

          Bone builder smoothie        
",/recipes/bone-builder-smoothie
"

          Malty choc chip cookies        
",/recipes/malty-choc-chip-cookies
"

          Individual Christmas pies        
",/recipes/1799642/individual-christmas-pies
"

          Creamy potato & shallot gratin        
",/recipes/893642/creamy-potato-and-shallot-gratin
"

          Sausage & courgette rigatoni        
",/recipes/sausage-courgette-rigatoni
"

          Posh spice cake        
",/recipes/8351/posh-spice-cake
"

          Lebkuchen        
",/recipes/1941/lebkuchen
"

          Sunshine lollies        
",/recipes/sunshine-lollies
"

          Chimichurri steaks with sweet potato fries & onion rings        
",/recipes/chimichurri-steaks-sweet-potato-fries-onion-rings
"

          Colcannon        
",/recipes/164619/colcannon
"

          Creamy mustard pork        
",/recipes/1563/creamy-mustard-pork
"

          Tender roast duck with citrus & carrots        
",/recipes/tender-roast-duck-citrus-carrots
"

          Steamed venison & Port pudding        
",/recipes/2852684/steamed-venison-and-port-pudding
"

          Smoked paprika & onion potato cake        
",/recipes/8736/smoked-paprika-and-onion-potato-cake
"

          Mustard chops & chips        
",/recipes/2248648/mustard-chops-and-chips
"

          Vanilla chick biscuit pops        
",/recipes/vanilla-chick-biscuit-pops
"

          Edible name place biscuits        
",/recipes/1840644/edible-name-place-biscuits
"

          Creamy smoked haddock & saffron kedgeree        
",/recipes/73607/creamy-smoked-haddock-and-saffron-kedgeree
"

          Caramel peach & summer berry knickerbocker glory        
",/recipes/2222/caramel-peach-and-summer-berry-knickerbocker-glory
"

          Serrano ham, olive, feta & rocket platter with homemade crostini        
",/recipes/400629/serrano-ham-olive-feta-and-rocket-platter-with-hom
"

          Quick sausage stew        
",/recipes/408645/quick-sausage-stew
"

          Maple-mustard glazed carrots        
",/recipes/2172/maplemustard-glazed-carrots
"

          Pan-fried hake, white bean & chorizo broth        
",/recipes/2534659/panfried-hake-white-bean-and-chorizo-broth
"

          Chilli beef with broccoli & oyster sauce         
",/recipes/2155650/chilli-beef-with-broccoli-and-oyster-sauce-
"

          Chunky mince pie slices        
",/recipes/4905/chunky-mince-pie-slices
"

          Loin of bacon with colcannon butter sauce        
",/recipes/2664/loin-of-bacon-with-colcannon-butter-sauce
"

          Tapenade toasts        
",/recipes/tapenade-toasts
"

          Courgette & mushroom bread        
",/recipes/2889/courgette-and-mushroom-bread
"

          Crispy baked skins        
",/recipes/2884/crispy-baked-skins
"

          Chocolate Tia Maria nuggets        
",/recipes/1009/chocolate-tia-maria-nuggets
"

          Fragrant duck breasts with wild rice pilaf        
",/recipes/8824/fragrant-duck-breasts-with-wild-rice-pilaf
"

          Fruit-filled clementine cake        
",/recipes/4969/fruitfilled-clementine-cake
"

          Simnel cake sour        
",/recipes/simnel-cake-sour
"

          Peach & rose fizz        
",/recipes/peach-rose-fizz
"

          Sausage & pumpkin roast        
",/recipes/2096/sausage-and-pumpkin-roast
"

          Vegetarian red wine gravy        
",/recipes/2744673/vegetarian-red-wine-gravy
"

          Smoked haddock with lemon & dill lentils        
",/recipes/1973653/smoked-haddock-with-lemon-and-dill-lentils
"

          Pot-roasted vegetables         
",/recipes/166630/potroasted-vegetables-
"

          Classic Yorkshire puddings        
",/recipes/1104650/classic-yorkshire-puddings
"

          Gooseberry & mint lemonade        
",/recipes/gooseberry-mint-lemonade
"

          Chocolate baked bananas        
",/recipes/1570637/chocolate-baked-bananas
"

          Meatballs with spicy chipotle tomato sauce        
",/recipes/1841647/meatballs-with-spicy-chipotle-tomato-sauce
"

          Griddled vegetable & feta tart        
",/recipes/griddled-vegetable-feta-tart
"

          Stollen sour        
",/recipes/stollen-sour
"

          Roasted asparagus, pancetta & cherry tomato pasta        
",/recipes/10598/roasted-asparagus-pancetta-and-cherry-tomato-pasta
"

          Hot herb butter prawns        
",/recipes/hot-herb-butter-prawns
"

          Lamb chops with coriander pesto        
",/recipes/2040/lamb-chops-with-coriander-pesto
"

          Smoked trout fish pies        
",/recipes/827638/smoked-trout-fish-pies
"

          Corn & black bean salsa        
",/recipes/11222/corn-and-black-bean-salsa
"

          Mustard-glazed roast chicken with Waldorf stuffing        
",/recipes/2530636/mustardglazed-roast-chicken-with-waldorf-stuffing
"

          Miso-marinated salmon        
",/recipes/4759/misomarinated-salmon
"

          Scallops with cep compote & chestnuts        
",/recipes/1823/scallops-with-cep-compote-and-chestnuts
"

          Roasted carrots        
",/recipes/1133640/roasted-carrots
"

          Blackberry & apple cake        
",/recipes/2412648/blackberry-and-apple-cake
"

          Goat's cheese & red pepper tart        
",/recipes/3926/goats-cheese-and-red-pepper-tart
"

          Spiced prawns with coriander mayo        
",/recipes/13360/spiced-prawns-with-coriander-mayo
"

          Homemade cornettos         
",/recipes/11694/homemade-cornettos-
"

          Broccoli with fried onion & garlic        
",/recipes/1162683/broccoli-with-fried-onion-and-garlic
"

          Carrot tarte Tatin        
",/recipes/carrot-tarte-tatin
"

          Oven roasted aromatic ribs with a bourbon & orange glaze        
",/recipes/1968/oven-roasted-aromatic-ribs-with-a-bourbon-and-oran
"

          Nutty apricot & cinnamon pudding        
",/recipes/3211/nutty-apricot-and-cinnamon-pudding
"

          Smoked haddock & leek chowder        
",/recipes/2613/smoked-haddock-and-leek-chowder
"

          Chicken, potato & green bean curry        
",/recipes/725640/chicken-potato-and-green-bean-curry
"

          Winter chicken stew        
",/recipes/2940661/winter-chicken-stew
"

          Squashed baby potatoes with rosemary        
",/recipes/893644/squashed-baby-potatoes-with-rosemary
"

          Steamed dumplings        
",/recipes/3363/steamed-dumplings
"

          Instant frozen berry yogurt        
",/recipes/2407638/instant-frozen-berry-yogurt
"

          Quick tomato soup with cheesy garlic dippers        
",/recipes/1133657/quick-tomato-soup-with-cheesy-garlic-dippers
"

          The best salmon fish cakes        
",/recipes/2195659/the-best-salmon-fish-cakes
"

          Wild mushroom & port brioche        
",/recipes/2958/wild-mushroom-and-port-brioche
"

          Layered salad with Parmesan croutons        
",/recipes/1364654/layered-salad-with-parmesan-croutons
"

          Chicken stuffed with herby mascarpone        
",/recipes/4787/chicken-stuffed-with-herby-mascarpone
"

          Potted shrimps & watercress on toast        
",/recipes/1701/potted-shrimps-and-watercress-on-toast
"

          Chocolate fondants        
",/recipes/chocolate-fondants
"

          Spinach & green bean salad        
",/recipes/1796/spinach-and-green-bean-salad
"

          Nutty orange platter        
",/recipes/2732/nutty-orange-platter
"

          Bacon Bolognese        
",/recipes/2411643/bacon-bolognese
"

          Smoked haddock & new potato soup with maple drizzle        
",/recipes/1267650/smoked-haddock-and-new-potato-soup-with-maple-driz
"

          Pancetta-wrapped fish with lemony potatoes        
",/recipes/2195651/pancettawrapped-fish-with-lemony-potatoes
"

          Chocca mocca caramel cake        
",/recipes/3019/chocca-mocca-caramel-cake
"

          Chocolate & apricot pud with glossy chocolate sauce        
",/recipes/2144/chocolate-and-apricot-pud-with-glossy-chocolate-sa
"

          Midnight mint hot chocolate        
",/recipes/midnight-mint-hot-chocolate
"

          Creamy cheese & tomato macaroni        
",/recipes/7722/creamy-cheese-and-tomato-macaroni
"

          Spiced lamb pilaf        
",/recipes/spiced-lamb-pilaf
"

          Pan-fried chicken with tomato & olive sauce        
",/recipes/1577641/panfried-chicken-with-tomato-and-olive-sauce
"

          Great guacamole        
",/recipes/1414640/great-guacamole
"

          Thai fried rice with prawns & peas        
",/recipes/2865686/thai-fried-rice-with-prawns-and-peas
"

          White choc & cardamom mousses        
",/recipes/1161647/white-choc-and-cardamom-mousses
"

          Easy jerk chicken with rice & peas        
",/recipes/11744/easy-jerk-chicken-with-rice-and-peas
"

          Creamy courgette lasagne        
",/recipes/4716/creamy-courgette-lasagne
"

          Almond raisin cake with sherry        
",/recipes/5396/almond-raisin-cake-with-sherry
"

          Filo-crusted smoked haddock, cheese & leek pie        
",/recipes/filo-crusted-smoked-haddock-cheese-leek-pie
"

          Fire engine cake        
",/recipes/fire-engine-cake
"

          Coronation drumsticks        
",/recipes/coronation-drumsticks
"

          Griddled aubergines with yogurt & mint        
",/recipes/1506/griddled-aubergines-with-yogurt-and-mint
"

          Citrus bars        
",/recipes/2198641/citrus-bars
"

          Goat's cheese & cranberry tartlets        
",/recipes/1602/goats-cheese-and-cranberry-tartlets
"

          Sausage nut stuffing cake        
",/recipes/2572/sausage-nut-stuffing-cake
"

          Chicken with roots & chickpeas        
",/recipes/3568/chicken-with-roots-and-chickpeas
"

          Swede, lamb & feta bake        
",/recipes/swede-lamb-feta-bake
"

          Cranberry & hazelnut cake        
",/recipes/2768684/cranberry-and-hazelnut-cake
"

          Tutti frutti Christmas pies        
",/recipes/2807669/tutti-frutti-christmas-pies
"

          Broad bean & chicken pilaf        
",/recipes/2379/broad-bean-and-chicken-pilaf
"

          Chorizo pilaf        
",/recipes/2195654/chorizo-pilaf
"

          Elderflower & lemon cordial        
",/recipes/1272641/elderflower-and-lemon-cordial
"

          Garlic mash potato bake        
",/recipes/5139/garlic-mash-potato-bake
"

          Light & fluffy chocolate mocha cake        
",/recipes/252614/light-and-fluffy-chocolate-mocha-cake
"

          Parmesan, poppy seed & caraway twists        
",/recipes/3058/parmesan-poppy-seed-and-caraway-twists
"

          Bumper oat cookies        
",/recipes/2034/bumper-oat-cookies
"

          Spinach & chickpea curry        
",/recipes/2141649/spinach-and-chickpea-curry
"

          Lemon meringue cupcakes        
",/recipes/69606/lemon-meringue-cupcakes
"

          Breadsticks in blankets        
",/recipes/1658/breadsticks-in-blankets
"

          Braised pork belly with Thai basil & tofu        
",/recipes/braised-pork-belly-thai-basil-tofu
"

          Cheeseboard sticks        
",/recipes/cheeseboard-sticks
"

          Lemony Easter chicks        
",/recipes/lemony-easter-chicks
"

          Thai green pork lettuce cups        
",/recipes/thai-green-pork-lettuce-cups
"

          Saucy prawns        
",/recipes/1506636/saucy-prawns
"

          Roasted fish Italian style        
",/recipes/2446/roasted-fish-italian-style
"

          Big beef in red wine pie        
",/recipes/1993659/big-beef-in-red-wine-pie
"

          Venetian-style scallops        
",/recipes/2293/venetianstyle-scallops
"

          Blueberry, coconut & lime ice  cream        
",/recipes/1225/blueberry-coconut-and-lime-ice--cream
"

          Vanilla panna cotta with caramelised orange        
",/recipes/757639/vanilla-panna-cotta-with-caramelised-orange
"

          Easy raspberry & ginger trifle cheesecake        
",/recipes/easy-raspberry-ginger-trifle-cheesecake
"

          Jerk pork with rice & beans        
",/recipes/1180/jerk-pork-with-rice-and-beans
"

          Souffle pancakes Arnold Bennett        
",/recipes/2689/souffle-pancakes-arnold-bennett
"

          Smoky Mexican meatball stew        
",/recipes/1897701/smoky-mexican-meatball-stew
"

          Lighter chicken tacos        
",/recipes/lighter-chicken-tacos
"

          Stollen buns        
",/recipes/69601/stollen-buns
"

          Cheese & garlic-filled mushrooms        
",/recipes/2896/cheese-and-garlicfilled-mushrooms
"

          Pineapple & banana custard meringues        
",/recipes/3284/pineapple-and-banana-custard-meringues
"

          Cheeseburgers        
",/recipes/cheeseburgers
"

          Simple sugar roses        
",/recipes/4435/simple-sugar-roses
"

          Chocolate truffle egg box        
",/recipes/2066659/chocolate-truffle-egg-box
"

          All-in-one chicken traybake        
",/recipes/1498/allinone-chicken-traybake
"

          Berry, rose water, almond & meringue tart        
",/recipe/berry-rose-water-almond-meringue-tart
"

          Gooseberry & vanilla jam        
",/recipes/gooseberry-vanilla-jam
"

          Chicken & pearl barley risotto        
",/recipes/chicken-pearl-barley-risotto
"

          Creamy beetroot curry        
",/recipes/2610641/creamy-beetroot-curry
"

          Sugar-dusted vanilla thins        
",/recipes/1137/sugardusted-vanilla-thins
"

          Lemony prawn & pea risotto        
",/recipes/7739/lemony-prawn-and-pea-risotto
"

          Courgette, dill & feta breads        
",/recipes/courgette-dill-feta-breads
"

          Clementine, feta & winter leaf salad        
",/recipes/890643/clementine-feta-and-winter-leaf-salad
"

          Apple & walnut cake with treacle icing        
",/recipes/1572701/apple-and-walnut-cake-with-treacle-icing
"

          Creamed sprouts        
",/recipes/5049/creamed-sprouts
"

          Indian-spiced fish cakes        
",/recipes/10205/indianspiced-fish-cakes
"

          Mexican supper pot        
",/recipes/1989/mexican-supper-pot
"

          Florentine ham grill        
",/recipes/1906/florentine-ham-grill
"

          Raspberry & apple crumble squares        
",/recipes/1585637/raspberry-and-apple-crumble-squares
"

          Cider, mustard & herb chicken        
",/recipes/cider-mustard-herb-chicken
"

          Spicy avocado wraps        
",/recipes/spicy-quorn-avocado-wraps
"

          Fruity flag traybake        
",/recipes/2195636/fruity-flag-traybake
"

          Salami & peppadew pizza        
",/recipes/1813674/salami-and-peppadew-pizza
"

          Lamb steaks with rosemary sweet potatoes        
",/recipes/3570/lamb-steaks-with-rosemary-sweet-potatoes
"

          Avocado, prawn & fennel cocktails        
",/recipes/9089/avocado-prawn-and-fennel-cocktails
"

          Mini blackberry Bakewells        
",/recipes/2409635/mini-blackberry-bakewells
"

          Fried stuffed cucumbers        
",/recipes/fried-stuffed-cucumbers
"

          Cinnamon cashew flapjacks        
",/recipes/cinnamon-cashew-flapjacks
"

          Beef & bacon meatloaf        
",/recipes/beef-bacon-meatloaf
"

          Creamy veggie risotto        
",/recipes/1579/creamy-veggie-risotto
"

          Bean enchiladas        
",/recipes/1111640/bean-enchiladas
"

          Beef & beetroot salad platter        
",/recipes/2129/beef-and-beetroot-salad-platter
"

          Spicy chicken couscous        
",/recipes/3099/spicy-chicken-couscous
"

          Sizzling spare ribs with BBQ sauce        
",/recipes/1854/sizzling-spare-ribs-with-bbq-sauce
"

          Aubergine salad        
",/recipes/aubergine-salad
"

          Barley couscous & prawn tabbouleh        
",/recipes/barley-couscous-prawn-tabbouleh
"

          Sunshine bars        
",/recipes/3305/sunshine-bars
"

          Grapefruit & poppy seed cake        
",/recipes/2540635/grapefruit-and-poppy-seed-cake
"

          Peppered duck with vanilla mash, pea & wild mushroom ragout        
",/recipes/2150648/peppered-duck-with-vanilla-mash-pea-and-wild-mushr
"

          Chicken & vegetable curry        
",/recipes/1841656/chicken-and-vegetable-curry
"

          Beetroot orzotto        
",/recipe/beetroot-orzotto
"

          Sloe mulled wine         
",/recipes/69604/sloe-mulled-wine-
"

          Christmas wreath cake        
",/recipes/2768688/christmas-wreath-cake
"

          Chorizo bean burgers        
",/recipes/2411635/chorizo-bean-burgers
"

          Cherry & pistachio stuffing        
",/recipes/2744663/cherry-and-pistachio-stuffing
"

          Noodle bowl salad        
",/recipes/2271/noodle-bowl-salad
"

          Stilton & chutney rarebit bites        
",/recipes/8861/stilton-and-chutney-rarebit-bites
"

          Broad beans & peas with mint butter        
",/recipes/1397634/broad-beans-and-peas-with-mint-butter
"

          Cheese & herb waffles        
",/recipes/cheese-herb-waffles
"

          Easy meatballs        
",/recipes/maisies-marvellous-meatballs
"

          Spring spaghetti        
",/recipes/2037/spring-spaghetti
"

          Cheesy leek & bacon pasta        
",/recipes/1897698/cheesy-leek-and-bacon-pasta
"

          Quick gazpacho         
",/recipes/4501/quick-gazpacho-
"

          Lacquered duck with grilled figs        
",/recipes/1458/lacquered-duck-with-grilled-figs
"

          Sweet potato, chickpea & chorizo hash        
",/recipes/725646/sweet-potato-chickpea-and-chorizo-hash
"

          Rhubarb & ginger queen of puddings        
",/recipes/1977645/rhubarb-and-ginger-queen-of-puddings
"

          Lentil & red pepper salad        
",/recipes/4656/lentil-and-red-pepper-salad
"

          Miso-glazed tofu steaks with beansprout salad & egg strands        
",/recipes/miso-glazed-tofu-steaks-beansprout-salad-egg-strands
"

          Triple chocolate mousse        
",/recipes/2923/triple-chocolate-mousse
"

          Lemon & pea risotto        
",/recipes/5612/lemon-and-pea-risotto
"

          Garlic chicken with herbed potatoes        
",/recipes/3241/garlic-chicken-with-herbed-potatoes
"

          Brandy butter ice cream        
",/recipes/2760965/brandy-butter-ice-cream
"

          Mustard & rosemary pork chops         
",/recipes/2166/mustard-and-rosemary-pork-chops-
"

          Microwave chocolate cake        
",/recipes/1977663/microwave-chocolate-cake
"

          Creamy cauliflower & broccoli bake        
",/recipes/2831664/creamy-cauliflower-and-broccoli-bake
"

          Tiradito chifa (tuna sashimi Peruvian style)        
",/recipes/tiradito-chifa-tuna-sashimi
"

          Choc-cherry muffins        
",/recipes/1737/choccherry-muffins
"

          Beef, cheese & broad bean quesadillas        
",/recipes/408647/beef-cheese-and-broad-bean-quesadillas
"

          Spinach & squash salad with coconut dressing        
",/recipes/spinach-squash-salad-coconut-dressing
"

          Sticky duck sliders        
",/recipes/sticky-duck-sliders
"

          Brown sugar brandy cream        
",/recipes/1799644/brown-sugar-brandy-cream
"

          Butterbean & rosemary soup        
",/recipes/2670/butterbean-and-rosemary-soup
"

          Crispy topped Cumberland pie        
",/recipes/1958635/crispy-topped-cumberland-pie
"

          Lime semifreddo cheesecake        
",/recipes/lime-semifreddo-cheesecake
"

          Banana pancakes with crispy bacon & syrup        
",/recipes/2830670/banana-pancakes-with-crispy-bacon-and-syrup
"

          Smoked fish cakes with poached eggs        
",/recipes/1291/smoked-fish-cakes-with-poached-eggs
"

          Bean & bangers one-pot        
",/recipes/9977/bean-and-bangers-onepot
"

          Little lemon meringue pies        
",/recipes/10692/little-lemon-meringue-pies
"

          Smoking chilli chicken & sweetcorn pizza        
",/recipes/smoking-chilli-chicken-sweetcorn-pizza
"

          Quinoa rice pilau with dill & roasted tomatoes        
",/recipes/1607/quinoa-rice-pilau-with-dill-and-roasted-tomatoes
"

          Beetroot patties        
",/recipes/beetroot-patties
"

          Lemon spaghetti with tuna & broccoli        
",/recipes/2040636/lemon-spaghetti-with-tuna-and-broccoli
"

          Sticky carrots with thyme & honey        
",/recipes/893653/sticky-carrots-with-thyme-and-honey
"

          Figs with prosciutto        
",/recipes/1459/figs-with-prosciutto
"

          Crunchy pesto & mozzarella baked mushrooms        
",/recipes/3074678/crunchy-pesto-and-mozzarella-baked-mushrooms
"

          Lobster rolls        
",/recipes/lobster-rolls
"

          Chicken Kievs        
",/recipes/666649/chicken-kievs
"

          Speedy spicy turkey rice        
",/recipes/884647/speedy-spicy-turkey-rice
"

          Chopped herb & pomegranate salad        
",/recipes/chopped-herb-pomegranate-salad
"

          Lemon roast poussin with spring vegetables        
",/recipes/10395/lemon-roast-poussin-with-spring-vegetables
"

          Spaghetti with prawns, chilli & rocket        
",/recipes/1125/spaghetti-with-prawns-chilli-and-rocket
"

          Berry shortbread cheesecake slice        
",/recipes/681682/berry-shortbread-cheesecake-slice
"

          Easy peasy lentil curry        
",/recipes/1306/easy-peasy-lentil-curry
"

          Sugar-crusted bara brith        
",/recipes/1786/sugarcrusted-bara-brith
"

          Silky chicken liver parfait tart        
",/recipes/8153/silky-chicken-liver-parfait-tart
"

          Braised beef with red onions & wild mushrooms        
",/recipes/4850/braised-beef-with-red-onions-and-wild-mushrooms
"

          Gratin of summer berries        
",/recipes/1921/gratin-of-summer-berries
"

          Mint relish & raita        
",/recipes/4563/mint-relish-and-raita
"

          Coconut-roasted edamame        
",/recipes/coconut-roasted-edamame
"

          Spiced salad cream        
",/recipes/spiced-salad-cream
"

          Sicilian-style pesto pasta        
",/recipes/1955/sicilianstyle-pesto-pasta
"

          Balsamic pork with olives        
",/recipes/3547/balsamic-pork-with-olives
"

          Turkey & ham salad        
",/recipes/5068/turkey-and-ham-salad
"

          Citrus-marinated monkfish with lemon dressing        
",/recipes/2131/citrusmarinated-monkfish-with-lemon-dressing
"

          Steamed salmon in the microwave         
",/recipes/1391/steamed-salmon-in-the-microwave-
"

          Honeycomb ice cream        
",/recipes/2459640/honeycomb-ice-cream
"

          Cajun turkey steaks with pineapple salsa        
",/recipes/234606/cajun-turkey-steaks-with-pineapple-salsa
"

          Spaghetti with tomatoes & basil        
",/recipes/spaghetti-tomatoes-basil
"

          Mustard-roasted beef fillet         
",/recipes/2592/mustardroasted-beef-fillet-
"

          Tuna steaks with cucumber relish        
",/recipes/2189/tuna-steaks-with-cucumber-relish
"

          Salt & pepper squid        
",/recipes/1369653/salt-and-pepper-squid
"

          Mustardy pork & apples        
",/recipes/1747/mustardy-pork-and-apples
"

          Quick peach Melba crumbles        
",/recipes/quick-peach-melba-crumbles
"

          Warm potato & green bean salad with a soft egg        
",/recipes/2583/warm-potato-and-green-bean-salad-with-a-soft-egg
"

          Rib-eye steaks with chilli butter & homemade chips        
",/recipes/1104644/ribeye-steaks-with-chilli-butter-and-homemade-chip
"

          Cider & blackberry ice lollies        
",/recipes/cider-blackberry-ice-pop
"

          Pasta with tomato & hidden veg sauce        
",/recipes/1508645/pasta-with-tomato-and-hidden-veg-sauce
"

          Cheesy corn cakes        
",/recipes/1558/cheesy-corn-cakes
"

          Lemony prawn & chorizo rice pot        
",/recipes/1897678/lemony-prawn-and-chorizo-rice-pot
"

          Doughsant        
",/recipes/doughsant
"

          Thane Prince's gluten-free beef cobbler        
",/recipes/1050/thane-princes-glutenfree-beef-cobbler
"

          Giant jaffa orange cake        
",/recipes/giant-jaffa-orange-cake
"

          Honey & black pepper partridge with roasted squash        
",/recipes/13396/honey-and-black-pepper-partridge-with-roasted-squa
"

          Summer pork & potatoes        
",/recipes/2443/summer-pork-and-potatoes
"

          Jubilee cake        
",/recipes/2325/jubilee-cake
"

          Hazelnut gelato with rich chocolate sauce        
",/recipes/164607/hazelnut-gelato-with-rich-chocolate-sauce
"

          Smashed avocado with crispy chicken, pickled onions & tortillas        
",/recipes/2872686/smashed-avocado-with-crispy-chicken-pickled-onions
"

          Thai satay stir-fry        
",/recipes/3219/thai-satay-stirfry
"

          Doris' cherry meringue tart        
",/recipes/2580/doris-cherry-meringue-tart
"

          Grilled chicken with spicy guacamole & corn chips        
",/recipes/11239/grilled-chicken-with-spicy-guacamole-and-corn-chip
"

          Cajun turkey salad with guacamole        
",/recipes/2126/cajun-turkey-salad-with-guacamole
"

          Salmon & watercress quiche        
",/recipes/1260645/salmon-and-watercress-quiche
"

          Spiced veg with lemony bulghar wheat salad        
",/recipes/10355/spiced-veg-with-lemony-bulghar-wheat-salad
"

          Easy treacle sponge        
",/recipes/1993657/easy-treacle-sponge
"

          Green Thai noodle broth        
",/recipes/green-thai-noodle-broth
"

          White chocolate & ricotta cheesecake        
",/recipes/77602/white-chocolate-and-ricotta-cheesecake
"

          Potato cake with chilli eggs        
",/recipes/2343/potato-cake-with-chilli-eggs
"

          Rocket, mushroom & bacon quiche        
",/recipes/2197/rocket-mushroom-and-bacon-quiche
"

          Ginger & lime chicken with sweet potato mash        
",/recipes/234608/ginger-and-lime-chicken-with-sweet-potato-mash
"

          Versatile dip        
",/recipes/1820/versatile-dip
"

          Chestnut, bacon & parsnip soup        
",/recipes/chestnut-bacon-parsnip-soup
"

          Warm halloumi with radish, apple & pecan salad         
",/recipes/5539/warm-halloumi-with-radish-apple-and-pecan-salad-
"

          Roasted balsamic asparagus & cherry tomatoes        
",/recipes/roasted-balsamic-asparagus-cherry-tomatoes
"

          Spanish sardines on toast        
",/recipes/1664635/spanish-sardines-on-toast
"

          Curried chicken & cashew rice        
",/recipes/2238/curried-chicken-and-cashew-rice
"

          Lighter Creamy vanilla rice pudding        
",/recipes/lighter-creamy-vanilla-rice-pudding
"

          Pasta with creamy walnut pesto        
",/recipes/10030/pasta-with-creamy-walnut-pesto
"

          Maple syrup cake        
",/recipes/1545/maple-syrup-cake
"

          Salmon & lemon mini fish cakes        
",/recipes/3057/salmon-and-lemon-mini-fish-cakes
"

          As-you-like-it steamed pudding        
",/recipes/2653636/asyoulikeit-steamed-pudding
"

          Easy ratatouille with poached eggs        
",/recipes/10382/easy-ratatouille-with-poached-eggs
"

          Haddock & spinach cheese melt        
",/recipes/843634/haddock-and-spinach-cheese-melt
"

          Pomegranate rosemary spritzer        
",/recipes/pomegranate-rosemary-spritzer
"

          Smoked haddock gratin         
",/recipes/2155651/smoked-haddock-gratin-
"

          Chai coconut & mango creams        
",/recipes/chai-coconut-mango-creams
"

          Malted walnut seed loaf        
",/recipes/2624635/malted-walnut-seed-loaf
"

          Fig & honey Christmas cake        
",/recipes/13381/fig-and-honey-christmas-cake
"

          One-pot chicken with braised vegetables        
",/recipes/6289/onepot-chicken-with-braised-vegetables
"

          Prawn cakes with coriander sambal        
",/recipes/5108/prawn-cakes-with-coriander-sambal
"

          All-in-one roast chicken & veg        
",/recipes/988637/allinone-roast-chicken-and-veg
"

          Pesce spada steccato e grigliato (Griddled garlic & mint studded swordfish)        
",/recipes/3306/pesce-spada-steccato-e-grigliato-griddled-garlic-a
"

          Smoked salmon taramasalata        
",/recipes/1841666/smoked-salmon-taramasalata
"

          Fresh tomato chutney        
",/recipes/1384/fresh-tomato-chutney
"

          Red onion & chilli bhajis with mint & garlic raita        
",/recipes/335606/red-onion-and-chilli-bhajis-with-mint-and-garlic-r
"

          Porridge with blueberry compote        
",/recipes/porridge-blueberry-compote
"

          Mashed roots        
",/recipes/2972676/mashed-roots
"

          Quickie sausage goulash        
",/recipes/1312/quickie-sausage-goulash
"

          Pot-roasted spiced honey soy pork        
",/recipes/1390/potroasted-spiced-honey-soy-pork
"

          Chinese-style lemon marmalade chicken        
",/recipes/chinese-style-lemon-marmalade-chicken
"

          Mustard-buttered chicken with tarragon, peas & carrots        
",/recipes/5910/mustardbuttered-chicken-with-tarragon-peas-and-car
"

          Sweet potato curly fries with barbecue seasoning        
",/recipes/sweet-potato-curly-fries-barbecue-seasoning
"

          Orange & rosemary drizzle cake        
",/recipes/2001/orange-and-rosemary-drizzle-cake
"

          Roasted beetroot & egg salad        
",/recipes/roasted-beetroot-egg-salad
"

          Sausage & mushroom pot pies        
",/recipes/2121669/sausage-and-mushroom-pot-pies
"

          Iced berries with hot chocolate sauce        
",/recipes/3107/iced-berries-with-hot-chocolate-sauce
"

          Strawberry tart with lavender & honey cream        
",/recipes/strawberry-tart-lavender-honey-cream
"

          Trifle cheesecake        
",/recipes/trifle-cheesecake
"

          Chocolate, hazelnut & salted caramel tart        
",/recipes/2053652/chocolate-hazelnut-and-salted-caramel-tart
"

          Honey & sesame beef noodles        
",/recipes/235604/honey-and-sesame-beef-noodles
"

          Lemon chicken with sugar snap peas        
",/recipes/lemon-chicken-sugar-snap-peas
"

          Pears & prunes in mulled (well, sort of) wine        
",/recipes/1310/pears-and-prunes-in-mulled-well-sort-of-wine
"

          Barbecued fillet of beef with mustardy soured cream sauce        
",/recipes/barbecued-fillet-beef-mustardy-soured-cream-sauce
"

          Griddled chicory with figs & bitter leaves        
",/recipes/6592/griddled-chicory-with-figs-and-bitter-leaves
"

          Chargrilled turkey with quinoa tabbouleh & tahini dressing        
",/recipes/13241/chargrilled-turkey-with-quinoa-tabbouleh-and-tahin
"

          Beef salad with caper & parsley dressing        
",/recipes/2509/beef-salad-with-caper-and-parsley-dressing
"

          Singapore noodles with shrimps & Chinese cabbage        
",/recipes/1128653/singapore-noodles-with-shrimps-and-chinese-cabbage
"

          Sticky apple, sausage & bacon        
",/recipes/3563/sticky-apple-sausage-and-bacon
"

          Spanish chicken with crispy paprika potatoes        
",/recipes/spanish-chicken-crispy-paprika-potatoes
"

          Spring greens & gammon soup        
",/recipes/1738/spring-greens-and-gammon-soup
"

          Fruit pots        
",/recipes/1206/fruit-pots
"

          Salted honey fudge & chocolate tart        
",/recipes/salted-honey-fudge-chocolate-tart
"

          Raised pork pie        
",/recipe/raised-pork-pie
"

          Easy vanilla cake        
",/recipes/10860/easy-vanilla-cake
"

          Black Forest trifle        
",/recipes/893662/black-forest-trifle
"

          Vanilla shortbread dough        
",/recipes/1172/vanilla-shortbread-dough
"

          Sticky spiced red cabbage        
",/recipes/8817/sticky-spiced-red-cabbage
"

          Lamb, coconut & mango pilau        
",/recipes/2333/lamb-coconut-and-mango-pilau
"

          Lamb kuttu roti        
",/recipes/lamb-kuttu-roti
"

          Jammy coconut mallows        
",/recipes/9835/jammy-coconut-mallows
"

          Rosehip & crab apple jelly        
",/recipes/rosehip-crab-apple-jelly
"

          Beetroot, bacon & cheddar bread scrolls        
",/recipes/beetroot-bacon-cheddar-bread-scrolls
"

          Strawberry shortbread frozen yogurt        
",/recipes/strawberry-shortbread-frozen-yogurt
"

          Tamarind chickpeas        
",/recipes/1325/tamarind-chickpeas
"

          Speedy beef tacos        
",/recipes/speedy-beef-tacos
"

          Soy & sake-marinated striploin of beef        
",/recipes/1282/soy-and-sakemarinated-striploin-of-beef
"

          Broken biscotti ice cream with hot mocha        
",/recipes/1784/broken-biscotti-ice-cream-with-hot-mocha
"

          Chilli prawn linguine        
",/recipes/1269/chilli-prawn-linguine
"

          Homemade fish fingers        
",/recipes/143607/homemade-fish-fingers
"

          One-pot chicken with chorizo & new potatoes        
",/recipes/one-pot-chicken-chorizo-new-potatoes
"

          Tomato, cucumber & coriander salad        
",/recipes/4567/tomato-cucumber-and-coriander-salad
"

          Fish & finger pie        
",/recipes/3398/fish-and-finger-pie
"

          Coconut hot chocolate        
",/recipes/coconut-hot-chocolate
"

          Chipolatas in apple gravy with parsnip colcannon        
",/recipes/chipolatas-apple-gravy-parsnip-colcannon
"

          Lemongrass beef stew with noodles        
",/recipes/2471640/lemongrass-beef-stew-with-noodles
"

          Cranberry & raspberry smoothie        
",/recipes/73605/cranberry-and-raspberry-smoothie
"

          Sri Lankan fried chicken & hoppers        
",/recipes/sri-lankan-fried-chicken-hoppers
"

          Orecchiette with anchovies & purple sprouting broccoli        
",/recipes/orecchiette-anchovies-purple-sprouting-broccoli
"

          Summer berry meringues        
",/recipes/4630/summer-berry-meringues
"

          Miso aubergines        
",/recipes/miso-aubergines
"

          Easy pea & mint soup        
",/recipes/2351/easy-pea-and-mint-soup
"

          Purple sprouting broccoli, leek & almond tart        
",/recipes/335627/purple-sprouting-broccoli-leek-and-almond-tart
"

          Cranberry & red wine sauce        
",/recipes/893641/cranberry-and-red-wine-sauce
"

          Smoky paprika seafood rice        
",/recipes/smoky-paprika-seafood-rice
"

          Chilli & lime squid salad        
",/recipes/chilli-lime-squid-salad
"

          Pickled golden beetroot        
",/recipes/2530640/pickled-golden-beetroot
"

          Bacon & citrus crumb stuffing        
",/recipes/146614/bacon-and-citrus-crumb-stuffing
"

          Potato, Taleggio & spinach tart        
",/recipes/472631/potato-taleggio-and-spinach-tart
"

          Lemon, herb & Parmesan crusted fish        
",/recipes/2448/lemon-herb-and-parmesan-crusted-fish
"

          Hot tea-smoked trout with new potato & rocket salad        
",/recipes/1415678/hot-teasmoked-trout-with-new-potato-and-rocket-sal
"

          Grainy coconut ice cream        
",/recipes/grainy-coconut-ice-cream
"

          Spring greens with bacon        
",/recipes/spring-greens-bacon
"

          Crispy baked potatoes with spring onions        
",/recipes/2604651/crispy-baked-potatoes-with-spring-onions
"

          Gremolata-crusted salmon with lentils & spinach        
",/recipes/gremolata-crusted-salmon-lentils-spinach
"

          Salmon & lemon rice pastry parcel        
",/recipes/2410639/salmon-and-lemon-rice-pastry-parcel
"

          Light chicken korma        
",/recipes/1557/light-chicken-korma
"

          Brandy snaps        
",/recipes/2451643/brandy-snaps
"

          Chicken nacho grills        
",/recipes/3573/chicken-nacho-grills
"

          Chicken & mushroom risotto        
",/recipes/chicken-mushroom-risotto
"

          Stout-braised steak with stacked chips        
",/recipes/stout-braised-steak-stacked-chips
"

          All-in-one posh lamb balti        
",/recipes/all-one-posh-lamb-balti
"

          Judy's white bean soup with chilli oil        
",/recipes/1448/judys-white-bean-soup-with-chilli-oil
"

          Iced choca-mocha terrine        
",/recipes/iced-choca-mocha-terrine
"

          Lemon radish salad         
",/recipes/2729/lemon-radish-salad-
"

          Chorizo & chickpea soup        
",/recipes/2628/chorizo-and-chickpea-soup
"

          Feta tacos with guacamole        
",/recipes/2985/feta-tacos-with-guacamole
"

          Sardines with Sicilian fennel salad        
",/recipes/6546/sardines-with-sicilian-fennel-salad
"

          Indian winter soup        
",/recipes/1108639/indian-winter-soup
"

          Bacon & avocado warm pasta salad        
",/recipes/bacon-avocado-warm-pasta-salad
"

          Shallot tarte tatin        
",/recipes/1771/shallot-tarte-tatin
"

          Red lentil & coconut soup        
",/recipes/red-lentil-coconut-soup
"

          Easy cheese & onion slice        
",/recipes/69607/easy-cheese-and-onion-slice
"

          Microwave coffee & walnut cake        
",/recipes/1120665/microwave-coffee-and-walnut-cake
"

          Ssamjang        
",/recipes/ssamjang
"

          Cheese roll-ups        
",/recipes/2389636/cheese-rollups
"

          Shepherd's pie potatoes        
",/recipes/3607/shepherds-pie-potatoes
"

          Easiest-ever seafood risotto        
",/recipes/1822/easiestever-seafood-risotto
"

          Mexican pulled pork tacos        
",/recipes/mexican-pulled-pork-tacos
"

          Green apple salad        
",/recipes/2261/green-apple-salad
"

          Nectarine & raspberry gratin        
",/recipes/2390/nectarine-and-raspberry-gratin
"

          Sicilian-style tuna lasagne        
",/recipes/sicilian-style-tuna-lasagne
"

          Double cherry semi-freddo        
",/recipes/10880/double-cherry-semifreddo
"

          Easy-bake bread        
",/recipes/1916656/easybake-bread
"

          Pasta 'ncasciata (Aubergine wrapped pasta dome)        
",/recipes/3309/pasta-ncasciata-aubergine-wrapped-pasta-dome
"

          Super-fast prawn noodles        
",/recipes/10759/superfast-prawn-noodles
"

          Smacked cucumber pickles        
",/recipes/smacked-cucumber-pickles
"

          Chinon apple tarts        
",/recipes/chinon-apple-tarts
"

          Moroccan chicken        
",/recipes/2917/moroccan-chicken
"

          Sticky pork & radish noodles        
",/recipes/586649/sticky-pork-and-radish-noodles
"

          Wrap-your-own spring rolls        
",/recipes/1364656/wrapyourown-spring-rolls
"

          Coconut cream cake        
",/recipes/1048/coconut-cream-cake
"

          Radish & cucumber salad        
",/recipes/2219668/radish-and-cucumber-salad
"

          Four-in-one pizza with dough stick dividers        
",/recipes/2972679/fourinone-pizza-with-dough-stick-dividers
"

          Christmas cream liqueur        
",/recipes/4904/christmas-cream-liqueur
"

          Almond & lemon curd buttons        
",/recipes/9839/almond-and-lemon-curd-buttons
"

          Crunchy cauliflower cheese        
",/recipes/2623/crunchy-cauliflower-cheese
"

          Sunshine smoothie        
",/recipes/sunshine-smoothie
"

          Lamb chops with Indian spices        
",/recipes/1162/lamb-chops-with-indian-spices
"

          Squid, chickpea & chorizo salad        
",/recipes/6286/squid-chickpea-and-chorizo-salad
"

          Creamy prawn & spring vegetable pot        
",/recipes/1167640/creamy-prawn-and-spring-vegetable-pot
"

          Homemade tomato sauce        
",/recipes/7787/homemade-tomato-sauce
"

          Pork with pears, prunes & verjuice        
",/recipes/3140/pork-with-pears-prunes-and-verjuice
"

          Brussels sprout, bacon & Stilton pizzettas        
",/recipes/brussels-sprout-bacon-stilton-pizzettas
"

          Fruity coconut creams        
",/recipes/3598/fruity-coconut-creams
"

          Peppered plums with almond ice        
",/recipes/2847/peppered-plums-with-almond-ice
"

          Salad Aveyronnaise        
",/recipes/1095/salad-aveyronnaise
"

          Kedgeree fish pie        
",/recipes/kedgeree-fish-pie
"

          Preserved lemon & tomato salad with feta        
",/recipes/1263671/preserved-lemon-and-tomato-salad-with-feta
"

          Marzipan & mincemeat apples        
",/recipes/1150/marzipan-and-mincemeat-apples
"

          Spicy Indian rice        
",/recipes/3238/spicy-indian-rice
"

          Chocolate tiramisu cake        
",/recipes/2053650/chocolate-tiramisu-cake
"

          Turkish-style lamb        
",/recipes/4410/turkishstyle-lamb
"

          Spanish stuffed peppers        
",/recipes/spanish-stuffed-peppers
"

          Chocolate Krispie chick        
",/recipes/5809/chocolate-krispie-chick
"

          Spiced meringues with coffee-soaked prunes        
",/recipes/9097/spiced-meringues-with-coffeesoaked-prunes
"

          One-pot roast guinea fowl         
",/recipes/848633/onepot-roast-guinea-fowl-
"

          Warm lemony courgette salad        
",/recipes/warm-lemony-courgette-salad
"

          Really useful roast chicken        
",/recipes/11599/really-useful-roast-chicken
"

          Creamy cucumber with gravadlax        
",/recipes/681661/creamy-cucumber-with-gravadlax
"

          Classic sponge sandwich        
",/recipes/6603/classic-sponge-sandwich
"

          Piri-piri fish & chips with spicy peas        
",/recipes/piri-piri-fish-chips-spicy-peas
"

          Cherry shortbread hearts        
",/recipes/1104645/cherry-shortbread-hearts
"

          Beef & vegetable casserole         
",/recipes/1940689/beef-and-vegetable-casserole-
"

          Mini spinach & cottage cheese frittatas        
",/recipe/mini-spinach-cottage-cheese-frittatas
"

          Duck breasts with redcurrant & onion relish        
",/recipes/2841/duck-breasts-with-redcurrant-and-onion-relish
"

          Normandy fish stew        
",/recipes/237605/normandy-fish-stew
"

          Superhealthy salmon burgers        
",/recipes/7712/superhealthy-salmon-burgers
"

          Hedgehog cake        
",/recipes/hedgehog-cake
"

          New potatoes 'Lyonnaise'        
",/recipes/408634/new-potatoes-lyonnaise
"

          Shellfish soup        
",/recipes/shellfish-soup
"

          Refreshing red wine cooler        
",/recipes/2420/refreshing-red-wine-cooler
"

          Two bean, chickpea & tomato salad        
",/recipes/2378/two-bean-chickpea-and-tomato-salad
"

          Mushroom & baby spinach tart        
",/recipes/757636/mushroom-and-baby-spinach-tart
"

          Butterscotch bars         
",/recipes/2272/butterscotch-bars-
"

          Blueberry clafoutis        
",/recipes/1395/blueberry-clafoutis
"

          Raspberry & white chocolate traybake        
",/recipes/2481/raspberry-and-white-chocolate-traybake
"

          Toasty feta kebabs        
",/recipes/2499/toasty-feta-kebabs
"

          Peach Melba cheesecake        
",/recipes/2320639/peach-melba-cheesecake
"

          Frozen lychee & mint cocktails        
",/recipes/1135656/frozen-lychee-and-mint-cocktails
"

          Tangy fennel & rocket salad        
",/recipes/10793/tangy-fennel-and-rocket-salad
"

          Fast feta & aubergine pizzas        
",/recipes/1613/fast-feta-and-aubergine-pizzas
"

          Creamy veggie korma        
",/recipes/1089641/creamy-veggie-korma
"

          Cherry tomato & caper spaghetti        
",/recipes/5069/cherry-tomato-and-caper-spaghetti
"

          Herby salmon & couscous parcels        
",/recipes/1583/herby-salmon-and-couscous-parcels
"

          Tilly's trifle        
",/recipes/3037/tillys-trifle
"

          Spicy buttered corn        
",/recipes/2068638/spicy-buttered-corn
"

          Chocolate flapjacks        
",/recipes/353613/chocolate-flapjacks
"

          Hot-smoked trout & mustard salad        
",/recipes/586653/hotsmoked-trout-and-mustard-salad
"

          Slow-cooked rabbit stew        
",/recipes/1660637/slowcooked-rabbit-stew
"

          Fruit & nut breakfast bowl        
",/recipes/fruit-nut-breakfast-bowl
"

          Leek, potato & ham flip-over pie        
",/recipes/1379/leek-potato-and-ham-flipover-pie
"

          Spicy pepper & tomato soup with cucumber yogurt        
",/recipes/2320644/spicy-pepper-and-tomato-soup-with-cucumber-yogurt
"

          Chocolate marble cake        
",/recipes/5557/chocolate-marble-cake
"

          Vietnamese chicken salad        
",/recipes/2411641/vietnamese-chicken-salad
"

          Mustard crust salmon with beetroot & dill        
",/recipes/4640/mustard-crust-salmon-with-beetroot-and-dill
"

          Crab-stuffed avocados        
",/recipes/9093/crabstuffed-avocados
"

          Cherry bruschetta        
",/recipes/cherry-bruschetta
"

          Purple sprouting broccoli with almonds        
",/recipes/purple-sprouting-broccoli-almonds
"

          Summer ham & pea broth        
",/recipe/summer-ham-pea-broth
"

          Classic summer pudding        
",/recipes/2198657/classic-summer-pudding
"

          Chicken & leek pot pies        
",/recipes/chicken-leek-pot-pies
"

          Rhubarb & custard pie with butter crumble        
",/recipes/3292/rhubarb-and-custard-pie-with-butter-crumble
"

          Mini choc-orange cheesecake tarts        
",/recipes/mini-choc-orange-cheesecake-tarts
"

          Mediterranean slices        
",/recipes/7415/mediterranean-slices
"

          Manakeesh        
",/recipes/manakeesh
"

          Poached eggs with smoked salmon and bubble & squeak        
",/recipes/poached-eggs-smoked-salmon-and-bubble-squeak
"

          Sticky pear & ginger cake        
",/recipes/845657/sticky-pear-and-ginger-cake
"

          Meringue kisses        
",/recipes/meringue-kisses
"

          Spiced cucumber & coriander salad        
",/recipes/spiced-cucumber-coriander-salad
"

          Crisp baked potatoes        
",/recipes/13372/crisp-baked-potatoes
"

          Fresh lasagne with pesto        
",/recipes/1943/fresh-lasagne-with-pesto
"

          Citrus-cured salmon gravadlax        
",/recipes/155634/citruscured-salmon-gravadlax
"

          Chicken with pumpkin & chickpeas        
",/recipes/1079/chicken-with-pumpkin-and-chickpeas
"

          Banbury cakes        
",/recipes/1112640/banbury-cakes
"

          Chocolate jungle jam jar        
",/recipe/chocolate-jungle-jam-jar
"

          Tomato & chickpea curry        
",/recipes/tomato-chickpea-curry
"

          Carrot & sweet potato mash        
",/recipes/1656649/carrot-and-sweet-potato-mash
"

          Confit duck pastilla        
",/recipes/3019686/confit-duck-pastilla
"

          Yellow rice        
",/recipes/5112/yellow-rice
"

          Rose cream & raspberry jellies        
",/recipes/2837674/rose-cream-and-raspberry-jellies
"

          Foolproof slow roast chicken        
",/recipes/4752/foolproof-slow-roast-chicken
"

          Date & apple squares        
",/recipes/2667652/date-and-apple-squares
"

          Orzo & mozzarella salad        
",/recipes/589630/orzo-and-mozzarella-salad
"

          Creamy chicken & pumpkin        
",/recipes/1862/creamy-chicken-and-pumpkin
"

          Roasted poussin with oregano, orange & sherry        
",/recipes/1957/roasted-poussin-with-oregano-orange-and-sherry
"

          No-cook festival burrito        
",/recipes/no-cook-festival-burrito
"

          Roquefort & walnut rolls        
",/recipes/1661642/roquefort-and-walnut-rolls
"

          Harissa roast salmon with lemon chickpea couscous        
",/recipes/harissa-roast-salmon-lemon-chickpea-couscous
"

          Salted caramel rum hot chocolate        
",/recipes/salted-caramel-rum-hot-chocolate
"

          Fresh peaches with lemon balm & bay syrup        
",/recipes/2339/fresh-peaches-with-lemon-balm-and-bay-syrup
"

          Steak supper for two or more        
",/recipes/1751/steak-supper-for-two-or-more
"

          Fish pies with smoked salmon, prawns & dill        
",/recipes/9096/fish-pies-with-smoked-salmon-prawns-and-dill
"

          Springtime pasta        
",/recipes/7411/springtime-pasta
"

          Egg & soldiers        
",/recipes/egg-soldiers
"

          Grilled pesto tomatoes on toast        
",/recipes/2779/grilled-pesto-tomatoes-on-toast
"

          Bitter chocolate truffles        
",/recipes/1837655/bitter-chocolate-truffles
"

          Chicken satay salad        
",/recipes/chicken-satay-salad
"

          Elderflower & herb cooler        
",/recipes/elderflower-herb-cooler
"

          Thai prawn, squash & pineapple curry        
",/recipes/thai-prawn-squash-pineapple-curry
"

          Cheesy stuffed mushrooms on toast        
",/recipes/1682/cheesy-stuffed-mushrooms-on-toast
"

          Goan prawn & coconut curry with cumin rice        
",/recipes/2534661/goan-prawn-and-coconut-curry-with-cumin-rice
"

          Aubergines filled with spinach & mushrooms         
",/recipes/2899/aubergines-filled-with-spinach-and-mushrooms-
"

          Sausage minestrone        
",/recipes/sausage-minestrone
"

          Super-veg pasta        
",/recipes/412625/superveg-pasta
"

          Sort-of Scotch broth        
",/recipes/3019685/sortof-scotch-broth
"

          Sesame pork meatballs with chilli noodle broth        
",/recipes/sesame-pork-meatballs-chilli-noodle-broth
"

          Venetian duck ragu        
",/recipes/venetian-duck-ragu
"

          Mustard-glazed roast new potatoes        
",/recipes/1977642/mustardglazed-roast-new-potatoes
"

          Peppery sausages with sweet potato mash        
",/recipes/3147682/peppery-sausages-with-sweet-potato-mash
"

          Spiced lamb with bulghar & tahini dressing        
",/recipes/spiced-lamb-bulghar-tahini-dressing
"

          One-pot cabbage & beans with white fish        
",/recipes/9628/onepot-cabbage-and-beans-with-white-fish
"

          Jamaican grilled fish        
",/recipes/2366638/jamaican-grilled-fish
"

          Roast pepper & chorizo salad        
",/recipes/roast-pepper-chorizo-salad
"

          Peas with roasted shallots        
",/recipes/1805653/peas-with-roasted-shallots
"

          Buttery couscous        
",/recipes/1299655/buttery-couscous
"

          Right-every-time roasties        
",/recipes/72607/righteverytime-roasties
"

          Prawn cakes with cucumber peanut relish        
",/recipes/prawn-cakes-cucumber-peanut-relish
"

          Quick cheese straws        
",/recipes/2413/quick-cheese-straws
"

          Almond biscuits        
",/recipes/2220648/almond-biscuits
"

          Hot cross bun cupcakes        
",/recipes/hot-cross-bun-cupcakes
"

          Fruity sponge cake        
",/recipes/11029/fruity-sponge-cake
"

          Blackcurrant cheesecake ice cream        
",/recipes/7046/blackcurrant-cheesecake-ice-cream
"

          Spiced red cabbage with prunes        
",/recipes/8369/spiced-red-cabbage-with-prunes
"

          Spicy chickpeas        
",/recipes/1656636/spicy-chickpeas
"

          Spicy chicken rice        
",/recipes/4655/spicy-chicken-rice
"

          Walnut, date & honey cake        
",/recipes/1323/walnut-date-and-honey-cake
"

          New potato, spring onion & Montgomery cheddar quiche        
",/recipes/1267654/new-potato-spring-onion-and-montgomery-cheddar-qui
"

          Raspberry chocolate torte        
",/recipes/1299662/raspberry-chocolate-torte
"

          Purple velvet cupcakes with blackberry frosting        
",/recipes/purple-velvet-cupcakes-blackberry-frosting
"

          Moroccan lamb        
",/recipes/5609/moroccan-lamb
"

          Panna cotta with apricot compote        
",/recipes/4458/panna-cotta-with-apricot-compote
"

          Garlic chilli focaccia        
",/recipes/3091677/garlic-chilli-focaccia
"

          Easy mezze        
",/recipes/1108643/easy-mezze
"

          Ten-minute pasta        
",/recipes/1213/tenminute-pasta
"

          Thin-stemmed broccoli with hoisin sauce & fried shallots        
",/recipes/2884664/thinstemmed-broccoli-with-hoisin-sauce-and-fried-s
"

          Mussels steamed with cider & bacon        
",/recipes/4823/mussels-steamed-with-cider-and-bacon
"

          Foil-wrapped baby potatoes        
",/recipes/foil-wrapped-baby-potatoes
"

          Tomato & caramelised onion tart tatin        
",/recipes/1336/tomato-and-caramelised-onion-tart-tatin
"

          Sweet jacket potato with piri-piri prawns        
",/recipes/2852669/sweet-jacket-potato-with-piripiri-prawns
"

          Red pepper & tomato relish        
",/recipe/red-pepper-tomato-relish
"

          Blood orange & olive oil bundt cake        
",/recipes/blood-orange-olive-oil-bunt-cake
"

          Easy seed & grain loaf        
",/recipes/1872/easy-seed-and-grain-loaf
"

          Bulgogi        
",/recipes/bulgogi
"

          Apple pie        
",/recipes/apple-pie
"

          Mini salmon & dill puffs        
",/recipes/851649/mini-salmon-and-dill-puffs
"

          Roast chicken drumsticks with parsley & garlic        
",/recipes/1566/roast-chicken-drumsticks-with-parsley-and-garlic
"

          Calvados-glazed apples        
",/recipes/2437/calvadosglazed-apples
"

          Garlic chilli prawns with sesame noodles        
",/recipes/2195662/garlic-chilli-prawns-with-sesame-noodles
"

          Rosemary & chilli naan        
",/recipes/1713640/rosemary-and-chilli-naan
"

          Chocolate avocado cake        
",/recipes/chocolate-avocado-cake
"

          Goat curry        
",/recipes/2369636/goat-curry
"

          Blackberry & apple loaf        
",/recipes/1967/blackberry-and-apple-loaf
"

          Morello cherry & almond traybake        
",/recipes/morello-cherry-almond-traybake
"

          Baked raspberry & bramble trifle with Drambuie        
",/recipes/1678/baked-raspberry-and-bramble-trifle-with-drambuie
"

          Blueberry & pretzel cookies        
",/recipe/blueberry-pretzel-cookies
"

          Cola ham with maple & mustard glaze        
",/recipes/2806663/cola-ham-with-maple-and-mustard-glaze
"

          Pot-roast beef with French onion gravy        
",/recipes/2875673/potroast-beef-with-french-onion-gravy
"

          Mixed-bean chilli with wedges        
",/recipes/827647/mixedbean-chilli-with-wedges
"

          Dark chocolate & orange cake        
",/recipes/1356/dark-chocolate-and-orange-cake
"

          Parsnip bubble & squeak hash        
",/recipes/1656646/parsnip-bubble-and-squeak-hash
"

          Cabbage with juniper        
",/recipes/1173/cabbage-with-juniper
"

          Pasta with chilli tomatoes & spinach        
",/recipes/2040657/pasta-with-chilli-tomatoes-and-spinach
"

          Red onion & rosemary focaccia        
",/recipes/7570/red-onion-and-rosemary-focaccia
"

          Moreish mocha profiteroles        
",/recipes/3432/moreish-mocha-profiteroles
"

          Sizzled lamb chops & courgettes        
",/recipes/2907/sizzled-lamb-chops-and-courgettes
"

          Thai roast chicken with mango & apple salad        
",/recipes/9792/thai-roast-chicken-with-mango-and-apple-salad
"

          Roast chicken & sticky carrots        
",/recipes/1740/roast-chicken-and-sticky-carrots
"

          Sweet potato & orange mash with sage butter drizzle        
",/recipes/13601/sweet-potato-and-orange-mash-with-sage-butter-driz
"

          Cod with lemon & parsley crust & summer greens        
",/recipes/4418/cod-with-lemon-and-parsley-crust-and-summer-greens
"

          Pork shoulder braised in black vinegar & rice wine with pickled chillies        
",/recipes/pork-shoulder-braised-black-vinegar-rice-wine-pickled-chillies
"

          The ultimate makeover: Blueberry trifle        
",/recipes/10995/the-ultimate-makeover-blueberry-trifle
"

          Thai broccoli rice        
",/recipes/thai-broccoli-rice
"

          Cornbread muffins        
",/recipes/681654/cornbread-muffins
"

          Banana & blueberry muffins         
",/recipes/1572/banana-and-blueberry-muffins-
"

          Marinated grilled lamb cutlets with creamed corn        
",/recipes/marinated-grilled-lamb-cutlets-creamed-corn
"

          Plaice roll-ups        
",/recipes/1990/plaice-rollups
"

          Volcano cake        
",/recipes/2459646/volcano-cake
"

          Boxing Day soup        
",/recipes/1142/boxing-day-soup
"

          Cold roast beef with beetroot salad & horseradish cream        
",/recipes/6595/cold-roast-beef-with-beetroot-salad-and-horseradis
"

          Green gazpacho        
",/recipes/green-gazpacho
"

          Mango Pisco sour        
",/recipes/mango-pisco-sour
"

          Chinese braised red cabbage        
",/recipes/5052/chinese-braised-red-cabbage
"

          Cauliflower & chestnut soup        
",/recipes/cauliflower-chestnut-soup
"

          Spiced paneer        
",/recipes/1059/spiced-paneer
"

          Goulash in a dash        
",/recipes/1497/goulash-in-a-dash
"

          Italian-style bass        
",/recipes/2932/italianstyle-bass
"

          Essence of tomatoes         
",/recipes/2130/essence-of-tomatoes-
"

          Griddled chicory        
",/recipes/griddled-chicory
"

          Microwave banana pudding        
",/recipes/408657/microwave-banana-pudding
"

          Artichoke & wild mushroom pie        
",/recipes/2185/artichoke-and-wild-mushroom-pie
"

          Crispy pancakes with creamy chicken & bacon        
",/recipes/crispy-pancakes-creamy-chicken-bacon
"

          Thai prawn & peanut noodle soup        
",/recipes/thai-prawn-peanut-noodle-soup
"

          Squidgy pumpkin & ginger loaf        
",/recipes/squidgy-pumpkin-ginger-loaf
"

          Nutty chicken with noodle salad        
",/recipes/8036/nutty-chicken-with-noodle-salad
"

          Fruitcake with apricot butter icing        
",/recipes/1837666/fruitcake-with-apricot-butter-icing
"

          Deep-dish cheese, onion & potato pie        
",/recipes/9650/deepdish-cheese-onion-and-potato-pie
"

          Sesame & chilli pancakes with tzatziki        
",/recipes/3059/sesame-and-chilli-pancakes-with-tzatziki
"

          Mini Bakewells        
",/recipes/mini-bakewells
"

          Black & white rice salad with cumin-roasted butternut squash        
",/recipes/black-white-rice-salad-cumin-roasted-butternut-squash
"

          Salmon with warm chickpea, pepper & spinach salad        
",/recipes/235606/salmon-with-warm-chickpea-pepper-and-spinach-salad
"

          Schooldays treacle sponge        
",/recipes/13352/schooldays-treacle-sponge
"

          Tuna rainbow salad        
",/recipes/2366637/tuna-rainbow-salad
"

          Scrambled egg stir-fry        
",/recipes/2098/scrambled-egg-stirfry
"

          Buttered sweetcorn & squash        
",/recipes/1573644/buttered-sweetcorn-and-squash
"

          Red onion marmalade        
",/recipes/1404/red-onion-marmalade
"

          Melon spritzers        
",/recipes/2358644/melon-spritzers
"

          Lasagne recipe kit        
",/recipes/lasagne-recipe-kit
"

          Chorizo & chickpea stew        
",/recipes/3147690/chorizo-and-chickpea-stew
"

          Crunchy mozzarella salad        
",/recipes/crunchy-mozzarella-salad
"

          Family meals: Chicken & veg casserole        
",/recipes/2451650/family-meals-chicken-and-veg-casserole
"

          Moroccan turkey salad        
",/recipes/2853680/moroccan-turkey-salad
"

          Cabbage with bacon & onions        
",/recipes/1771635/cabbage-with-bacon-and-onions
"

          BBQ pulled pork        
",/recipes/bbq-pulled-pork
"

          Roasted aubergine with pomegranates & parsley        
",/recipes/12282/roasted-aubergine-with-pomegranates-and-parsley
"

          Chestnut & amaretto roulade        
",/recipes/1129656/chestnut-and-amaretto-roulade
"

          Tropical muesli bowls        
",/recipes/5093/tropical-muesli-bowls
"

          Turkish pizza with spiced pomegranate beef & feta        
",/recipe/turkish-pizza-spiced-pomegranate-beef-feta
"

          Rich tomato soup with pesto        
",/recipes/5100/rich-tomato-soup-with-pesto
"

          Cannellini bean, cherry tomato & red onion salad        
",/recipes/1363664/cannellini-bean-cherry-tomato-and-red-onion-salad
"

          Swedish cranberry meatballs        
",/recipes/2831679/swedish-cranberry-meatballs
"

          Make-ahead Chinese pork        
",/recipes/1061/makeahead-chinese-pork
"

          Caramelised cranberry relish        
",/recipes/2744671/caramelised-cranberry-relish
"

          Austrian hash        
",/recipes/67611/austrian-hash
"

          Hot apple pie punch        
",/recipes/hot-apple-pie-punch
"

          Goat's cheese, herb & lemon patties        
",/recipes/1552/goats-cheese-herb-and-lemon-patties
"

          Lemon & coriander couscous        
",/recipes/3096/lemon-and-coriander-couscous
"

          Green chicken & vegetable curry        
",/recipes/146607/green-chicken-and-vegetable-curry
"

          Lamb tagine with dates & sweet potatoes        
",/recipes/8161/lamb-tagine-with-dates-and-sweet-potatoes
"

          Potato curry with lime & cucumber raita        
",/recipes/1759650/potato-curry-with-lime-and-cucumber-raita
"

          Mozzarella & orange salad with coriander seed dressing        
",/recipe/mozzarella-orange-salad-coriander-seed-dressing
"

          Plum & almond crumble slice        
",/recipes/2952/plum-and-almond-crumble-slice
"

          Smoky aubergine & coriander dip        
",/recipes/11271/smoky-aubergine-and-coriander-dip
"

          Spicy fry-up rice        
",/recipes/166614/spicy-fryup-rice
"

          Lemon & parsley tabbouleh        
",/recipes/1542/lemon-and-parsley-tabbouleh
"

          Lemony prawns & avocado        
",/recipes/11233/lemony-prawns-and-avocado
"

          Spiced yogurt spatchcock chicken        
",/recipes/spiced-yogurt-spatchcock-chicken
"

          Cheesy scrambled egg croissants        
",/recipe/cheesy-scrambled-egg-croissants
"

          Teriyaki salmon parcels        
",/recipes/teriyaki-salmon-parcels
"

          Chicken & leek pie        
",/recipes/1453/chicken-and-leek-pie
"

          Creamy baked leeks with citrus crumbs        
",/recipes/13246/creamy-baked-leeks-with-citrus-crumbs
"

          Festive baked Alaska        
",/recipes/1826675/festive-baked-alaska
"

          Cheat's real chips        
",/recipes/cheats-real-chips
"

          Tandoori paneer skewers with mango salsa        
",/recipes/tandoori-paneer-skewers-mango-salsa
"

          Easy pumpkin chutney         
",/recipes/2641/easy-pumpkin-chutney-
"

          Sweet potato & black bean chilli with zesty quinoa        
",/recipes/sweet-potato-black-bean-chilli-zesty-quinoa
"

          Strawberry parfait with Vin Santo, mascarpone & biscotti         
",/recipes/2165/strawberry-parfait-with-vin-santo-mascarpone-and-b
"

          Rich braised beef with melting onions        
",/recipes/1660659/rich-braised-beef-with-melting-onions
"

          Lockets savoury        
",/recipes/1162658/lockets-savoury
"

          Cranachan        
",/recipes/648633/cranachan
"

          The ultimate makeover: Fish pie        
",/recipes/420615/the-ultimate-makeover-fish-pie
"

          Lamb & feta burgers with minty yogurt        
",/recipes/8858/lamb-and-feta-burgers-with-minty-yogurt
"

          Sausage, pancetta & rosemary pinwheels        
",/recipes/1799633/sausage-pancetta-and-rosemary-pinwheels
"

          Cardamom & peach quinoa porridge        
",/recipes/cardamom-peach-quinoa-porridge
"

          Chorizo chicken with chilli wedges        
",/recipes/7193/chorizo-chicken-with-chilli-wedges
"

          Nut roast        
",/recipes/nut-loaf
"

          Goat's cheese & garlic linguine with crisp pancetta        
",/recipes/12987/goats-cheese-and-garlic-linguine-with-crisp-pancet
"

          Quick tomato risotto        
",/recipes/2026/quick-tomato-risotto
"

          Mincemeat Chelsea buns        
",/recipes/mincemeat-chelsea-buns
"

          Indian summer salad        
",/recipes/2939/indian-summer-salad
"

          Home-style pork curry with cauliflower rice        
",/recipes/home-style-pork-curry-cauliflower-rice
"

          Cherry & almond Easter cupcakes        
",/recipes/10391/cherry-and-almond-easter-cupcakes
"

          Oaty plum gingerbread slice        
",/recipes/oaty-plum-gingerbread-slice
"

          Warm Thai chicken & noodle salad        
",/recipes/3071/warm-thai-chicken-and-noodle-salad
"

          Gravy for the Christmas turkey        
",/recipes/893639/gravy-for-the-christmas-turkey
"

          Spiced Christmas gammon with membrillo glaze        
",/recipes/spiced-christmas-gammon-membrillo-glaze
"

          Ten minute stir-fry        
",/recipes/748646/ten-minute-stirfry
"

          Thai cucumber slaw        
",/recipes/thai-cucumber-slaw
"

          Sugar-free banana cake        
",/recipes/2451651/sugarfree-banana-cake
"

          Spiced almonds        
",/recipes/spiced-almonds
"

          Papillote of seafood        
",/recipes/1433/papillote-of-seafood
"

          BBQ lamb steaks with garlicky white beans        
",/recipes/bbq-lamb-steaks-garlicky-white-beans
"

          Asian chicken salad        
",/recipes/11261/asian-chicken-salad
"

          Beef & beer pie        
",/recipes/1912643/beef-and-beer-pie
"

          Liver & bacon with onion gravy        
",/recipes/2040637/liver-and-bacon-with-onion-gravy
"

          Potted shrimp tart with shaved rainbow beet salad        
",/recipes/potted-shrimp-tart-shaved-rainbow-beet-salad
"

          Hazelnut crisps        
",/recipes/2604638/hazelnut-crisps
"

          Coconut creams with poached rhubarb        
",/recipes/5882/coconut-creams-with-poached-rhubarb
"

          Dandan noodles        
",/recipes/dandan-noodles
"

          Proper beef, ale & mushroom pie        
",/recipes/252607/proper-beef-ale-and-mushroom-pie
"

          Roast chicken with pancetta & ricotta stuffing balls        
",/recipes/12331/roast-chicken-with-pancetta-and-ricotta-stuffing-b
"

          Squash, feta & bulghar salad        
",/recipe/squash-feta-bulghar-salad
"

          Classic apple chutney        
",/recipes/2646/classic-apple-chutney
"

          Iced hazelnut zabagliones        
",/recipes/7678/iced-hazelnut-zabagliones
"

          Turkey salad on rye        
",/recipes/turkey-salad-rye
"

          Spiced slow-roast duck & apple sauce        
",/recipes/13420/spiced-slowroast-duck-and-apple-sauce
"

          Creamy chicken soup        
",/recipes/2138674/creamy-chicken-soup
"

          Cauliflower & potato curry        
",/recipes/420629/cauliflower-and-potato-curry
"

          Hash browns with mustard & smoked salmon        
",/recipes/3178/hash-browns-with-mustard-and-smoked-salmon
"

          Roast sweet potato, squash & garlic mash        
",/recipes/5526/roast-sweet-potato-squash-and-garlic-mash
"

          Courgette & basil pasta with pesto crumbs        
",/recipes/749669/courgette-and-basil-pasta-with-pesto-crumbs
"

          Little deli tartlets        
",/recipes/1656/little-deli-tartlets
"

          Easy tomato pizzas        
",/recipes/12389/easy-tomato-pizzas
"

          Miso brown rice & broccoli salad with fiery prawns        
",/recipes/miso-brown-rice-broccoli-salad-fiery-prawns
"

          Baby buttermilk pancakes with sticky bananas & Brazils        
",/recipes/73610/baby-buttermilk-pancakes-with-sticky-bananas-and-b
"

          Baked haggis        
",/recipes/1675/baked-haggis
"

          All-in-one chicken, squash & new potato casserole        
",/recipes/1755/allinone-chicken-squash-and-new-potato-casserole
"

          Rosemary-spiked cabbage         
",/recipes/2435/rosemaryspiked-cabbage-
"

          Pea, mint & chilli dip        
",/recipes/2141639/pea-mint-and-chilli-dip
"

          Warm squash & rocket salad with garlic vinaigrette        
",/recipes/1813669/warm-squash-and-rocket-salad-with-garlic-vinaigret
"

          Aromatic prawn & cashew curry        
",/recipes/3161686/aromatic-prawn-and-cashew-curry
"

          Salmorejo        
",/recipes/salmorejo-0
"

          Grilled steak topped with ceps        
",/recipes/4755/grilled-steak-topped-with-ceps
"

          One-pan salmon with roast asparagus        
",/recipes/5925/onepan-salmon-with-roast-asparagus
"

          Moroccan-style barbecued leg of lamb        
",/recipes/1415685/moroccanstyle-barbecued-leg-of-lamb
"

          Italian vegetable bake        
",/recipes/1977651/italian-vegetable-bake
"

          Parsnip pilaf        
",/recipes/2530635/parsnip-pilaf
"

          Raw raspberry shrub        
",/recipes/raw-raspberry-shrub
"

          Sizzled lamb steaks with warm beetroot salad        
",/recipes/3084/sizzled-lamb-steaks-with-warm-beetroot-salad
"

          Sticky plum flapjack bars        
",/recipes/12810/sticky-plum-flapjack-bars
"

          Courgette, mushroom & mozzarella tart        
",/recipes/6345/courgette-mushroom-and-mozzarella-tart
"

          Classic roast turkey with red wine baste        
",/recipes/3038/classic-roast-turkey-with-red-wine-baste
"

          Louise Read's Coffee crunch cake        
",/recipes/12980/louise-reads-coffee-crunch-cake
"

          Fragrant courgette & prawn curry        
",/recipes/1506645/fragrant-courgette-and-prawn-curry
"

          Fruit plait        
",/recipes/fruit-plait
"

          The ultimate makeover: Sponge pudding & custard        
",/recipes/8034/the-ultimate-makeover-sponge-pudding-and-custard
"

          Hotdogs with sticky roasted onions        
",/recipes/557630/hotdogs-with-sticky-roasted-onions
"

          Mini banoffee pies        
",/recipes/1993643/mini-banoffee-pies
"

          Butter-roasted supreme of chicken with wild mushroom & potato gratin        
",/recipes/887649/butterroasted-supreme-of-chicken-with-wild-mushroo
"

          Double chocolate shortbreads        
",/recipes/1272633/double-chocolate-shortbreads
"

          The ultimate makeover: Lemon tart        
",/recipes/644635/the-ultimate-makeover-lemon-tart
"

          Spiced chicken meatballs with noodles, basil & broth        
",/recipes/12343/spiced-chicken-meatballs-with-noodles-basil-and-br
"

          Cheese, ham & grape kebabs        
",/recipes/cheese-ham-grape-kebabs
"

          Hot BBQ beef, horseradish & pasta salad        
",/recipes/4456/hot-bbq-beef-horseradish-and-pasta-salad
"

          School days citrus pudding        
",/recipes/2853670/school-days-citrus-pudding
"

          Frying pan pizza        
",/recipes/3412/frying-pan-pizza
"

          Manuka honey cheesecake with raspberries        
",/recipes/11735/manuka-honey-cheesecake-with-raspberries
"

          Salmon with tarragon Hollandaise        
",/recipes/4649/salmon-with-tarragon-hollandaise
"

          Creamy Aji green sauce        
",/recipes/creamy-aji-green-sauce
"

          Waterfall beef salad        
",/recipes/1973/waterfall-beef-salad
"

          Strawberry tarts        
",/recipes/531633/strawberry-tarts
"

          Spring salad with watercress dressing         
",/recipes/1909/spring-salad-with-watercress-dressing-
"

          Rich ragu        
",/recipes/rich-ragu
"

          Italian apricot fool        
",/recipes/1631/italian-apricot-fool
"

          Chard-stuffed roast lamb        
",/recipes/chard-stuffed-roast-lamb
"

          Sicilian spicy pumpkin        
",/recipes/1832/sicilian-spicy-pumpkin
"

          Roasted shallots with olives, bay & balsamic        
",/recipes/335605/roasted-shallots-with-olives-bay-and-balsamic
"

          Roast veg pasta with Cheshire pesto        
",/recipes/4400/roast-veg-pasta-with-cheshire-pesto
"

          Oriental express        
",/recipes/1415/oriental-express
"

          Nutty apple sarnies        
",/recipes/236606/nutty-apple-sarnies
"

          Pasta salad with pesto & prawns        
",/recipes/1993/pasta-salad-with-pesto-and-prawns
"

          Crispy layered thyme potatoes        
",/recipes/crispy-layered-thyme-potatoes
"

          South-western-style salad         
",/recipes/11632/southwesternstyle-salad-
"

          Banana & pecan fudge loaf        
",/recipes/2032/banana-and-pecan-fudge-loaf
"

          Spaghetti alle vongole        
",/recipes/spaghetti-alle-vongole
"

          Bara brith        
",/recipes/2973688/bara-brith
"

          Coconut, syrup & lime tart        
",/recipes/1146/coconut-syrup-and-lime-tart
"

          Chocolate cherry Bakewell cake        
",/recipes/chocolate-cherry-bakewell-cake
"

          Bubble & squeak croquettes        
",/recipes/53601/bubble-and-squeak-croquettes
"

          Honey mustard sausages with tomatoes & eggs        
",/recipes/863636/honey-mustard-sausages-with-tomatoes-and-eggs
"

          Sausage casserole with garlic toasts        
",/recipes/7552/sausage-casserole-with-garlic-toasts
"

          Special prawn pasta        
",/recipes/2506/special-prawn-pasta
"

          Char siu (BBQ pork)        
",/recipes/char-siu-bbq-pork
"

          Vanilla poached peaches        
",/recipes/2393/vanilla-poached-peaches
"

          Roasted sprout gratin with bacon-cheese sauce        
",/recipes/roasted-sprout-gratin-bacon-cheese-sauce
"

          Crisp spinach tart with squash wedges        
",/recipes/67606/crisp-spinach-tart-with-squash-wedges
"

          Hot chickpeas with spinach & bacon        
",/recipes/2782/hot-chickpeas-with-spinach-and-bacon
"

          Sprouts with sesame & spring onions        
",/recipes/1039652/sprouts-with-sesame-and-spring-onions
"

          Mum's best profiteroles        
",/recipes/1162666/mums-best-profiteroles
"

          Blancmange bunny on green jelly grass        
",/recipes/2459645/blancmange-bunny-on-green-jelly-grass
"

          Roasted tomatoes & red onions        
",/recipes/4352/roasted-tomatoes-and-red-onions
"

          Smoky fishcakes with oat crumb        
",/recipes/6302/smoky-fishcakes-with-oat-crumb
"

          Ginger-spiced pears        
",/recipes/2601646/gingerspiced-pears
"

          Tuna melt potato wedges        
",/recipes/2477/tuna-melt-potato-wedges
"

          Chicken with goat's cheese & tarragon        
",/recipes/2109/chicken-with-goats-cheese-and-tarragon
"

          Grilled corn with garlic mayo & grated cheese        
",/recipes/grilled-corn-garlic-mayo-grated-cheese
"

          Hazelnut cream hot chocolate        
",/recipes/hazelnut-cream-hot-chocolate
"

          Honey-crushed swede        
",/recipes/honey-crushed-swede
"

          Real vanilla ice cream        
",/recipes/646634/real-vanilla-ice-cream
"

          Sizzling salmon with bean mash        
",/recipes/3168/sizzling-salmon-with-bean-mash
"

          Basic granary bread dough (for rolls or a large loaf)        
",/recipes/2047/basic-granary-bread-dough-for-rolls-or-a-large-loa
"

          Middle Eastern eggs with merguez & pistachios        
",/recipes/middle-eastern-eggs-merguez-pistachios
"

          Lamb tikka samosas        
",/recipes/lamb-tikka-samosas
"

          Lemony pesto potatoes        
",/recipes/1746/lemony-pesto-potatoes
"

          Caramelised carrots & onions        
",/recipes/3062/caramelised-carrots-and-onions
"

          Cheese & caramelised onion coburg        
",/recipes/1582673/cheese-and-caramelised-onion-coburg
"

          Polish apple cake (Szarlotka)        
",/recipes/polish-apple-cake-szarlotka
"

          Soft-boiled egg, bacon & watercress salad        
",/recipes/2196655/softboiled-egg-bacon-and-watercress-salad
"

          Ginger miso aubergine noodles        
",/recipes/ginger-miso-aubergine-noodles
"

          Frosty forest cake        
",/recipes/8192/frosty-forest-cake
"

          Chicken & avocado sandwich topper        
",/recipes/chicken-avocado-sandwich-topper
"

          Homemade gingerbread cottage        
",/recipes/2768683/homemade-gingerbread-cottage
"

          Banana fairy cakes        
",/recipes/1397638/banana-fairy-cakes
"

          Speedy noodle soup        
",/recipes/6620/speedy-noodle-soup
"

          Mushroom butter on toast        
",/recipes/890645/mushroom-butter-on-toast
"

          Simple grilled fish with Moroccan spiced tomatoes        
",/recipes/1977660/simple-grilled-fish-with-moroccan-spiced-tomatoes
"

          Veggie rice pot        
",/recipes/1415667/veggie-rice-pot
"

          Syrup crunchies        
",/recipes/1585638/syrup-crunchies
"

          Dried fruit compote        
",/recipes/1841662/dried-fruit-compote
"

          Ham, pea & polenta cakes        
",/recipe/ham-pea-polenta-cakes
"

          Tuna arrabbiata pasta gratin        
",/recipes/230610/tuna-arrabbiata-pasta-gratin
"

          Peri-peri roast chicken with new potato slaw        
",/recipes/peri-peri-roast-chicken-new-potato-slaw
"

          Black bean chilli        
",/recipes/236609/black-bean-chilli
"

          Lighter spanakopita        
",/recipes/lighter-spanakopita
"

          Brie, apple & onion tart        
",/recipes/brie-apple-onion-tart
"

          Glamorous fairy cakes        
",/recipes/1864/glamorous-fairy-cakes
"

          Indian spiced chicken with squash & beans        
",/recipes/indian-spiced-chicken-squash-beans
"

          Triple ginger & spice cake        
",/recipes/2747/triple-ginger-and-spice-cake
"

          Blue cheese & pancetta pizza with grilled peaches        
",/recipes/blue-cheese-pancetta-pizza-grilled-peaches
"

          Sticky banana & maple cake        
",/recipes/784634/sticky-banana-and-maple-cake
"

          Caramel apple crumble        
",/recipes/9586/caramel-apple-crumble
"

          Parsnip, cranberry & chestnut loaf        
",/recipes/69605/parsnip-cranberry-and-chestnut-loaf
"

          Shimmering forest cake        
",/recipes/4885/shimmering-forest-cake
"

          White chocolate chip fudge        
",/recipes/851640/white-chocolate-chip-fudge
"

          Cherry, choc & coconut tray bake        
",/recipes/1269637/cherry-choc-and-coconut-tray-bake
"

          Pepper & tuna panini pizzas        
",/recipes/5594/pepper-and-tuna-panini-pizzas
"

          Heirloom beetroot & feta salad        
",/recipes/heirloom-beetroot-feta-salad
"

          Cappuccino tiramisu        
",/recipes/3127/cappuccino-tiramisu
"

          Thai chicken soup        
",/recipes/1656643/thai-chicken-soup
"

          Coffee cream & walnut cupcakes        
",/recipes/9075/coffee-cream-and-walnut-cupcakes
"

          The ultimate makeover: Chocolate log        
",/recipes/164609/the-ultimate-makeover-chocolate-log
"

          Sticky hot dog jackets        
",/recipes/1830/sticky-hot-dog-jackets
"

          Tagliatelle with grilled chicken & tomatoes        
",/recipes/4781/tagliatelle-with-grilled-chicken-and-tomatoes
"

          Dressed spring cabbage        
",/recipes/5895/dressed-spring-cabbage
"

          White chocolate blondies        
",/recipes/white-chocolate-blondies
"

          Chocolate orange bombe Alaska with hot chocolate sauce        
",/recipes/1936/chocolate-orange-bombe-alaska-with-hot-chocolate-s
"

          Italian-style salad with crisp pancetta        
",/recipes/italian-style-salad-crisp-pancetta
"

          Cheese & tomato pasta bakes        
",/recipes/1411651/cheese-and-tomato-pasta-bakes
"

          Lighter chicken katsu        
",/recipes/lighter-chicken-katsu
"

          Citrus salmon salad        
",/recipes/citrus-salmon-salad
"

          Prawn chow mein        
",/recipes/1363647/prawn-chow-mein
"

          Ultimate veggie burger with pickled carrot slaw        
",/recipes/ultimate-veggie-burger
"

          Sweet & sour aubergines        
",/recipes/2195/sweet-and-sour-aubergines
"

          Jerk chicken salad with papaya        
",/recipes/jerk-chicken-salad-papaya
"

          Pea & vermouth grain 'risotto'        
",/recipes/2086/pea-and-vermouth-grain-risotto
"

          Parmesan-roasted potatoes        
",/recipes/5050/parmesanroasted-potatoes
"

          Salmon, broccoli & potato bake        
",/recipes/3464/salmon-broccoli-and-potato-bake
"

          Mango & passion fruit souffles        
",/recipes/2244/mango-and-passion-fruit-souffles
"

          Greens with herby lemon vinaigrette        
",/recipes/4632/greens-with-herby-lemon-vinaigrette
"

          Shortcut Seville marmalade        
",/recipes/1076652/shortcut-seville-marmalade
"

          Chicken casserole with red wine, ham & peppers        
",/recipes/1757/chicken-casserole-with-red-wine-ham-and-peppers
"

          Pasta salad with tuna, capers & balsamic dressing        
",/recipes/2536647/pasta-salad-with-tuna-capers-and-balsamic-dressing
"

          Charred aubergine, pepper & bulghar salad        
",/recipes/2358654/charred-aubergine-pepper-and-bulghar-salad
"

          Angela's summer pudding        
",/recipes/2100/angelas-summer-pudding
"

          Semolina roast potatoes with garlic & thyme        
",/recipes/semolina-roast-potatoes-garlic-thyme
"

          Couscous with courgette, fried onions & herbs        
",/recipes/3148683/couscous-with-courgette-fried-onions-and-herbs
"

          Sri Lankan runner bean curry        
",/recipe/sri-lankan-runner-bean-curry
"

          Artichoke, olive & lemon pasta        
",/recipes/5994/artichoke-olive-and-lemon-pasta
"

          Quick pancake wraps        
",/recipes/1714/quick-pancake-wraps
"

          Oriental prawn tagliatelle salad        
",/recipes/1966/oriental-prawn-tagliatelle-salad
"

          Slow-cooked summer blush        
",/recipes/2595/slowcooked-summer-blush
"

          Spanish fig & almond balls        
",/recipes/8271/spanish-fig-and-almond-balls
"

          Cheesy polenta with sausage ragout        
",/recipes/cheesy-polenta-sausage-ragout
"

          Haricot bean & truffle mash        
",/recipes/1805655/haricot-bean-and-truffle-mash
"

          Greek salad        
",/recipes/12227/greek-salad
"

          Sugar-dusted wedding cookies         
",/recipes/502630/sugardusted-wedding-cookies-
"

          Chilli green salad        
",/recipes/4954/chilli-green-salad
"

          Candied roast ham with cranberry & star anise sauce        
",/recipes/candied-roast-ham-cranberry-star-anise-sauce
"

          Tortilla with rocket & parmesan        
",/recipes/1115/tortilla-with-rocket-and-parmesan
"

          Warm chicken salad with garlic mushrooms        
",/recipes/1204/warm-chicken-salad-with-garlic-mushrooms
"

          Crunchy crab parcels        
",/recipes/12546/crunchy-crab-parcels
"

          Feta stuffed roasty onions         
",/recipes/1353/feta-stuffed-roasty-onions-
"

          Marrow chutney        
",/recipes/2412647/marrow-chutney
"

          Oaty mackerel & horseradish fish cakes        
",/recipes/oaty-mackerel-horseradish-fish-cakes
"

          Carbonara cabbage        
",/recipes/2751673/carbonara-cabbage
"

          Winter fruit salad        
",/recipes/1056/winter-fruit-salad
"

          Prawn, pea & tomato curry        
",/recipes/12125/prawn-pea-and-tomato-curry
"

          Jersey Royal salad with horseradish cream        
",/recipes/5896/jersey-royal-salad-with-horseradish-cream
"

          Pastel de palmito        
",/recipes/pastel-de-palmito
"

          Blueberry scones        
",/recipes/blueberry-scones
"

          Broccoli with garlic & chilli breadcrumbs        
",/recipes/5921/broccoli-with-garlic-and-chilli-breadcrumbs
"

          Self-saucing Jaffa pudding        
",/recipes/784637/selfsaucing-jaffa-pudding
"

          Salt & pepper quails with Thai herb & bean salad        
",/recipes/471628/salt-and-pepper-quails-with-thai-herb-and-bean-sal
"

          Stuffed jacket potatoes        
",/recipes/1977665/stuffed-jacket-potatoes
"

          Chinese braised beef with ginger        
",/recipes/1758666/chinese-braised-beef-with-ginger
"

          Golden roast potatoes        
",/recipes/4967/golden-roast-potatoes
"

          Persimmon & white chocolate tart with pistachios        
",/recipes/persimmon-white-chocolate-tart-pistachios
"

          Sweet potato & parsnip bake        
",/recipes/74603/sweet-potato-and-parsnip-bake
"

          Plaice in a hot vinaigrette        
",/recipes/3089/plaice-in-a-hot-vinaigrette
"

          Red flannel hash        
",/recipes/3727/red-flannel-hash
"

          Roast salmon with peas, potatoes & bacon        
",/recipes/2063656/roast-salmon-with-peas-potatoes-and-bacon
"

          Pickled carrot & mooli        
",/recipes/pickled-carrot-mooli
"

          Hasselback new potatoes with oregano        
",/recipes/hasselback-new-potatoes-oregano
"

          Dill scones with smoked salmon & cucumber relish        
",/recipes/1364645/dill-scones-with-smoked-salmon-and-cucumber-relish
"

          Decorative stars        
",/recipes/8165/decorative-stars
"

          Mexican chilli bean tortilla        
",/recipes/2474/mexican-chilli-bean-tortilla
"

          Spinach with pine nuts & garlic        
",/recipes/2943/spinach-with-pine-nuts-and-garlic
"

          Walnut caramel tart        
",/recipes/2601647/walnut-caramel-tart
"

          Brussels & blue cheese pizza        
",/recipes/brussels-blue-cheese-pizza
"

          Cheesy spinach parcels        
",/recipes/2960/cheesy-spinach-parcels
"

          Brie & pecan bites        
",/recipes/1841672/brie-and-pecan-bites
"

          New England pecan pie        
",/recipes/new-england-pecan-pie
"

          Sesame chicken salad        
",/recipes/sesame-chicken-salad
"

          Herb roasted new potatoes        
",/recipes/1397635/herb-roasted-new-potatoes
"

          Chicken & mango stir fry        
",/recipes/2398/chicken-and-mango-stir-fry
"

          Spanish bean stew        
",/recipes/884644/spanish-bean-stew
"

          Lychee & ginger sorbet        
",/recipes/786657/lychee-and-ginger-sorbet
"

          Thai shredded chicken & runner bean salad        
",/recipes/559630/thai-shredded-chicken-and-runner-bean-salad
"

          Greengage & vanilla tart        
",/recipes/7667/greengage-and-vanilla-tart
"

          Pickled carrots with garlic & cumin        
",/recipes/pickled-carrots-garlic-cumin
"

          Best-ever pumpkin pie with stem ginger cream        
",/recipes/best-ever-pumpkin-pie-stem-ginger-cream
"

          Tomato confit        
",/recipes/tomato-confit
"

          Dill & poppy seed soda bread        
",/recipes/2526/dill-and-poppy-seed-soda-bread
"

          Cashew, chilli & lime-crusted fish        
",/recipes/11204/cashew-chilli-and-limecrusted-fish
"

          Dotty banana fairy cakes        
",/recipes/1128646/dotty-banana-fairy-cakes
"

          Midwinter candle cake        
",/recipes/midwinter-candle-cake
"

          Aromatic chicken with sultanas        
",/recipes/2009/aromatic-chicken-with-sultanas
"

          Tomato soup with gremolata        
",/recipes/2946/tomato-soup-with-gremolata
"

          Spiced black bean & chicken soup with kale        
",/recipes/spiced-black-bean-chicken-soup-kale
"

          Son-in-law eggs        
",/recipes/12471/soninlaw-eggs
"

          Saucy meatball & carrot bake with crispy feta crumbs        
",/recipes/1579635/saucy-meatball-and-carrot-bake-with-crispy-feta-cr
"

          Storecupboard spaghetti puttanesca        
",/recipes/3179/storecupboard-spaghetti-puttanesca
"

          Hot mustard tuna with herby couscous        
",/recipes/4839/hot-mustard-tuna-with-herby-couscous
"

          Mexican salad with tortilla croutons        
",/recipes/2196643/mexican-salad-with-tortilla-croutons
"

          Jollof rice with chicken        
",/recipes/4750/jollof-rice-with-chicken
"

          Orange & ginger stained glass biscuits        
",/recipes/8233/orange-and-ginger-stained-glass-biscuits
"

          Crusty cheddar pies        
",/recipes/2895666/crusty-cheddar-pies
"

          Christmas tree pops        
",/recipes/christmas-tree-pops
"

          Nacho chicken bake        
",/recipes/nacho-chicken-bake
"

          Carrots with pine nuts, raisins & parsley        
",/recipes/2751667/carrots-with-pine-nuts-raisins-and-parsley
"

          Pepper sauce        
",/recipes/pepper-sauce
"

          Ginger treacle sponge        
",/recipes/1840662/ginger-treacle-sponge
"

          Moroccan spiced carrots        
",/recipes/5137/moroccan-spiced-carrots
"

          Guilt-free sticky toffee puds        
",/recipes/3070/guiltfree-sticky-toffee-puds
"

          Rice noodles with sundried tomatoes, Parmesan & basil        
",/recipes/10569/rice-noodles-with-sundried-tomatoes-parmesan-and-b
"

          Limoncello plum tart        
",/recipes/3401/limoncello-plum-tart
"

          Cranberry vodka        
",/recipes/1010/cranberry-vodka
"

          Bonfire toffee        
",/recipes/1776638/bonfire-toffee
"

          Asparagus & new potato frittata        
",/recipes/asparagus-new-potato-frittata
"

          Roast rack of lamb with Moroccan spices        
",/recipes/1680/roast-rack-of-lamb-with-moroccan-spices
"

          Spicy seafood spaghetti        
",/recipes/spicy-seafood-spaghetti
"

          Smoked mackerel, parsnip & Puy lentil salad        
",/recipes/smoked-mackerel-parsnip-puy-lentil-salad
"

          Ursula's pumpkin pasta        
",/recipes/1834/ursulas-pumpkin-pasta
"

          Mojito mocktail        
",/recipes/1508663/mojito-mocktail
"

          Cooking fresh crab        
",/recipes/2406/cooking-fresh-crab
"

          Makhani dhal        
",/recipes/5081/makhani-dhal
"

          Wild salmon with corn & pepper salsa salad        
",/recipes/wild-salmon-corn-pepper-salsa-salad
"

          Sweetcorn salsa        
",/recipe/sweetcorn-salsa
"

          Waffles with banana & salted caramel sauce        
",/recipes/waffles-banana-salted-caramel-sauce
"

          Salad of new potatoes with pancetta, broad beans & mint         
",/recipes/1247/salad-of-new-potatoes-with-pancetta-broad-beans-an
"

          Thai chicken & mushroom broth        
",/recipes/10388/thai-chicken-and-mushroom-broth
"

          Golden potatoes & onions        
",/recipes/461638/golden-potatoes-and-onions
"

          Spinach samosas with Indian salad        
",/recipes/741639/spinach-samosas-with-indian-salad
"

          Poutine        
",/recipes/poutine
"

          Sweet & spicy wings with summer slaw        
",/recipes/1395642/sweet-and-spicy-wings-with-summer-slaw
"

          Toffee popcorn bark        
",/recipes/1755637/toffee-popcorn-bark
"

          Raspberry & lemon polenta cake        
",/recipes/3807/raspberry-and-lemon-polenta-cake
"

          Tex-Mex fish fillets        
",/recipes/3450/texmex-fish-fillets
"

          Malt hot chocolate s'mores        
",/recipes/malt-hot-chocolate-smores
"

          Eyeball pasta        
",/recipes/12856/eyeball-pasta
"

          Pasta with lemon butter prawns        
",/recipes/4786/pasta-with-lemon-butter-prawns
"

          Apple, elderflower & gin cocktails        
",/recipe/apple-elderflower-gin-cocktails
"

          Easy spiced salmon kedgeree        
",/recipes/1055/easy-spiced-salmon-kedgeree
"

          Salmon noodle soup        
",/recipes/1572650/salmon-noodle-soup
"

          Omelette vegetable rolls        
",/recipes/3365/omelette-vegetable-rolls
"

          Poor knights of Windsor with blackberry compote        
",/recipes/1572697/poor-knights-of-windsor-with-blackberry-compote
"

          Lighter Chinese chilli beef        
",/recipes/lighter-chinese-chilli-beef
"

          No-fry Thai curry        
",/recipes/1478/nofry-thai-curry
"

          Cheat's shepherd's pie        
",/recipes/1292/cheats-shepherds-pie
"

          Pizza margherita in 4 easy steps        
",/recipes/4683/pizza-margherita-in-4-easy-steps
"

          Rhubarb & ginger syllabub        
",/recipes/2063652/rhubarb-and-ginger-syllabub
"

          Provencal pumpkin tian        
",/recipes/1085/provencal-pumpkin-tian
"

          Chinese pork ribs        
",/recipes/2479/chinese-pork-ribs
"

          Seared garlic seafood with spicy harissa bisque        
",/recipes/2892668/seared-garlic-seafood-with-spicy-harissa-bisque
"

          10-minute tortellini        
",/recipes/2312/10minute-tortellini
"

          Chocolate & hazelnut thumbprint cookies        
",/recipes/chocolate-hazelnut-thumbprint-cookies
"

          Summer potato salad        
",/recipes/2196663/summer-potato-salad
"

          Peking-style chicken        
",/recipes/4751/pekingstyle-chicken
"

          Veggie meatballs with tomato courgetti        
",/recipes/veggie-meatballs-tomato-courgetti
"

          Red cabbage with carrot & edamame beans        
",/recipes/red-cabbage-carrot-edamame-beans
"

          Microwave meringues in minutes        
",/recipes/1824/microwave-meringues-in-minutes
"

          Chocolate peppermint snaps        
",/recipes/10211/chocolate-peppermint-snaps
"

          Sticky sesame chicken & corn with slaw        
",/recipes/sticky-sesame-chicken-corn-slaw
"

          Spiced rice        
",/recipes/2150646/spiced-rice
"

          Steak salad with blue cheese vinaigrette        
",/recipes/741637/steak-salad-with-blue-cheese-vinaigrette
"

          Blueberry & pistachio cake with cardamom cream        
",/recipe/blueberry-pistachio-cake-cardamom-cream
"

          Chocolate orange cocktail        
",/recipes/jackos-chocolate-orange
"

          Pearled spelt salad with peas & gooseberries        
",/recipes/3159681/pearled-spelt-salad-with-peas-and-gooseberries
"

          Parsnip soup with parsley cream        
",/recipes/847640/parsnip-soup-with-parsley-cream
"

          Gooseberry fool        
",/recipes/2303642/gooseberry-fool
"

          Apricot, bacon & sausage skewers        
",/recipes/3039/apricot-bacon-and-sausage-skewers
"

          Teriyaki noodle broth        
",/recipes/3282/teriyaki-prawn-and-noodle-broth
"

          Cheesy autumn mushrooms        
",/recipes/2056/cheesy-autumn-mushrooms
"

          Chicken soba noodles        
",/recipes/236613/chicken-soba-noodles
"

          Tikka skewers        
",/recipes/11010/tikka-skewers
"

          Mini pistachio & chocolate macaroons        
",/recipes/5143/mini-pistachio-and-chocolate-macaroons
"

          Beetroot, bacon & spring onions        
",/recipes/75603/beetroot-bacon-and-spring-onions
"

          Nutty apple streusel cake        
",/recipes/2004/nutty-apple-streusel-cake
"

          Sticky pan-roasted sausages with grapes        
",/recipes/7607/sticky-panroasted-sausages-with-grapes
"

          Carla's Leek & cheese muffins        
",/recipes/1104662/carlas-leek-and-cheese-muffins
"

          The great breakfast burger        
",/recipes/10418/the-great-breakfast-burger
"

          Pancetta-wrapped salmon        
",/recipes/2714/pancettawrapped-salmon
"

          Stir-fried Korean beef        
",/recipes/stir-fried-korean-beef
"

          Blackberry & almond meringue cake        
",/recipes/7033/blackberry-and-almond-meringue-cake
"

          Spiced chicken with rice & crisp red onions        
",/recipes/5124/spiced-chicken-with-rice-and-crisp-red-onions
"

          Banana milkshake        
",/recipes/banana-milkshake
"

          Creamy spiced mussels        
",/recipes/1186/creamy-spiced-mussels
"

          Panettone pudding        
",/recipes/1358/panettone-pudding
"

          Chicken tikka wraps        
",/recipes/2016/chicken-tikka-wraps
"

          Bramley apple sauce        
",/recipes/8766/bramley-apple-sauce
"

          Pecan tassies        
",/recipes/155635/pecan-tassies
"

          Warm honey cup puddings        
",/recipes/10201/warm-honey-cup-puddings
"

          Rum & coconut treacle tart        
",/recipes/1690/rum-and-coconut-treacle-tart
"

          Greek salad wraps        
",/recipes/2971/greek-salad-wraps
"

          Lemon & pepper mackerel pasta        
",/recipes/lemon-pepper-mackerel-pasta
"

          Spiced swede fritters        
",/recipes/1974638/spiced-swede-fritters
"

          English garden salad        
",/recipes/1987/english-garden-salad
"

          Shredded Wheat nests        
",/recipes/2066656/shredded-wheat-nests
"

          Modern-day chicken Kiev        
",/recipes/4748/modernday-chicken-kiev
"

          Goat's cheese-stuffed tomatoes        
",/recipes/2880/goats-cheesestuffed-tomatoes
"

          Plum & raspberry jam        
",/recipes/2412645/plum-and-raspberry-jam
"

          Thai coconut & veg broth        
",/recipes/1120676/thai-coconut-and-veg-broth
"

          Courgette & tahini dip        
",/recipes/courgette-tahini-dip
"

          Cosmopolitan        
",/recipes/cosmopolitan
"

          Celeriac salad with Parmesan, walnuts & parsley        
",/recipes/celeriac-salad-parmesan-walnuts-parsley
"

          Orchard crumble        
",/recipes/orchard-crumble
"

          Spiced turkey with bulghar & pomegranate salad        
",/recipes/1841652/spiced-turkey-with-bulghar-and-pomegranate-salad
"

          Chicken noodle laksa        
",/recipes/2875668/chicken-noodle-laksa
"

          Chocolate orange brownies        
",/recipes/2360667/chocolate-orange-brownies
"

          Brown sugar meringues with gooseberry compote & cream        
",/recipes/brown-sugar-meringues-gooseberry-compote-cream
"

          Courgette, potato & mint frittata        
",/recipes/2914/courgette-potato-and-mint-frittata
"

          Spring onion & halloumi bruschetta with carrot & saffron salsa        
",/recipes/2137644/spring-onion-and-halloumi-bruschetta-with-carrot-a
"

          Lardy cake        
",/recipes/lardy-cake
"

          Pork & ham pie        
",/recipes/4916/pork-and-ham-pie
"

          Walnut scones        
",/recipes/walnut-scones
"

          Choc & nut sundae cake         
",/recipes/4548/choc-and-nut-sundae-cake-
"

          Raspberry & banana ginger crunch        
",/recipes/1660/raspberry-and-banana-ginger-crunch
"

          Charred salmon with fennel & olive salad        
",/recipes/11240/charred-salmon-with-fennel-and-olive-salad
"

          Fruity couscous & spiced quail        
",/recipes/1553641/fruity-couscous-and-spiced-quail
"

          Smoky sweet potato & bean cakes with citrus salad        
",/recipes/smoky-sweet-potato-bean-cakes-citrus-salad
"

          Chocolate & raspberry macaroons        
",/recipes/1369639/chocolate-and-raspberry-macaroons
"

          Carrot & cumin salad        
",/recipes/1582638/carrot-and-cumin-salad
"

          Creamy rhubarb tarts        
",/recipes/5568/creamy-rhubarb-tarts
"

          Mint tea couscous        
",/recipes/mint-tea-couscous
"

          Frozen strawberry daiquiri        
",/recipes/frozen-strawberry-daiquiri
"

          Herbed turkey meatballs        
",/recipes/9046/herbed-turkey-meatballs
"

          Scandi-style sausage hash with pickled beetroot        
",/recipes/scandi-style-sausage-hash-pickled-beetroot
"

          Lemon curd & yogurt fool        
",/recipes/4639/lemon-curd-and-yogurt-fool
"

          Blood orange, blossom & pomegranate cake        
",/recipes/blood-orange-blossom-pomegranate-cake-0
"

          Mushroom stifado        
",/recipes/mushroom-stifado
"

          Strawberry & white chocolate choux buns         
",/recipes/strawberry-white-chocolate-choux-buns
"

          Banana & custard cake        
",/recipes/banana-custard-cake
"

          Smoked wild Irish salmon with chive pancakes        
",/recipes/2651/smoked-wild-irish-salmon-with-chive-pancakes
"

          Sparkly bauble cake        
",/recipes/sparkly-bauble-cake
"

          Cauliflower with shrimps        
",/recipes/1439/cauliflower-with-shrimps
"

          As-you-like-it tortilla        
",/recipes/2940663/asyoulikeit-tortilla
"

          Vegetable tagine with chickpeas & raisins         
",/recipes/4519/vegetable-tagine-with-chickpeas-and-raisins-
"

          Fruity pork meatballs        
",/recipes/5590/fruity-pork-meatballs
"

          Coconut chicken with cucumber salad        
",/recipes/7026/coconut-chicken-with-cucumber-salad
"

          Sticky sausage baguettes        
",/recipes/2601644/sticky-sausage-baguettes
"

          Somerset stew with cheddar & parsley mash        
",/recipes/1089635/somerset-stew-with-cheddar-and-parsley-mash
"

          Cherry tomato & ham bread & butter bake        
",/recipes/313608/cherry-tomato-and-ham-bread-and-butter-bake
"

          Granita di fragole        
",/recipes/3312/granita-di-fragole
"

          Roast turkey with chestnut stuffing        
",/recipes/8360/roast-turkey-with-chestnut-stuffing
"

          Spicy chilli bean soup        
",/recipes/spicy-chilli-bean-soup
"

          Cauliflower & cashew pilaf with chickpea curry        
",/recipes/12747/cauliflower-and-cashew-pilaf-with-chickpea-curry
"

          Yakitori corn pops        
",/recipes/3158682/yakitori-corn-pops
"

          Ham croquetas        
",/recipes/ham-croquetas
"

          Butternut & bacon fusilli        
",/recipes/butternut-bacon-fusilli
"

          Salt beef with beetroot & horseradish relish        
",/recipes/7662/salt-beef-with-beetroot-and-horseradish-relish
"

          Apple & blueberry Danishes        
",/recipes/1166651/apple-and-blueberry-danishes
"

          Spinach, broad bean & feta salad        
",/recipes/3098/spinach-broad-bean-and-feta-salad
"

          Braised bacon with colcannon cakes        
",/recipes/braised-bacon-colcannon-cakes
"

          10-minute tuna & bean salad        
",/recipes/2361/10minute-tuna-and-bean-salad
"

          Homemade tomato chutney        
",/recipes/2949/homemade-tomato-chutney
"

          Smoked salmon gateau        
",/recipes/1046/smoked-salmon-gateau
"

          Gilly's chicory salad        
",/recipes/1592/gillys-chicory-salad
"

          Green goddess salad        
",/recipes/4643/green-goddess-salad
"

          Raspberry & lemon brandy baskets        
",/recipes/1536/raspberry-and-lemon-brandy-baskets
"

          Lemon kisses        
",/recipes/988640/lemon-kisses
"

          Chocolate fondue & toasted marshmallow        
",/recipes/4855/chocolate-fondue-and-toasted-marshmallow
"

          Berry cheesecake in a glass         
",/recipes/2758/berry-cheesecake-in-a-glass-
"

          Fish parcels with romesco sauce & veg        
",/recipes/fish-parcels-romesco-sauce-veg
"

          Salmon with miso vegetables        
",/recipes/salmon-miso-vegetables
"

          Crisp chicken bites        
",/recipes/4670/crisp-chicken-bites
"

          Pimm's        
",/recipes/pimms
"

          Squashed peach & almond tarts        
",/recipes/2484/squashed-peach-and-almond-tarts
"

          Sausage & veg one-pot        
",/recipe/sausage-veg-one-pot
"

          Lobster muffins with poached egg, caviar, spinach & hollandaise        
",/recipes/lobster-muffins-poached-egg-caviar-spinach-hollandaise
"

          Fondant potatoes        
",/recipes/2249650/fondant-potatoes
"

          Pad Thai        
",/recipes/4397/pad-thai
"

          Slice of frittata with nutty green salad & balsamic dressing        
",/recipes/slice-frittata-nutty-green-salad-balsamic-dressing
"

          Bistro runner bean salad        
",/recipes/6288/bistro-runner-bean-salad
"

          Bean, feta & herb dip        
",/recipes/2248656/bean-feta-and-herb-dip
"

          Pomegranate ice        
",/recipes/3149/pomegranate-ice
"

          Smoky mushroom burgers with roasted garlic mayo        
",/recipes/smoky-mushroom-burgers-roasted-garlic-mayo
"

          Simple jammy biscuits        
",/recipes/1752/simple-jammy-biscuits
"

          Sunshine burgers        
",/recipes/2389637/sunshine-burgers
"

          Pan-fried white fish with polenta & orange crust        
",/recipes/1112639/panfried-white-fish-with-polenta-and-orange-crust
"

          Classic lasagne        
",/recipes/classic-lasagne
"

          Vanilla cherry pie        
",/recipes/vanilla-cherry-pie
"

          Fruity traybake        
",/recipes/lindas-fruity-traybake
"

          Smoked salmon, cucumber, capers & soda bread        
",/recipes/smoked-salmon-cucmber-capers-soda-bread
"

          Hearts of palm salad with lime & honey dressing        
",/recipes/hearts-palm-salad-lime-honey-dressing
"

          Chicken katsu        
",/recipes/2040639/chicken-katsu
"

          Celeriac champ        
",/recipes/10196/celeriac-champ
"

          New potatoes Lorraine        
",/recipes/3161711/new-potatoes-lorraine
"

          Chicken with tomato & olives        
",/recipes/11603/chicken-with-tomato-and-olives
"

          Fried fish & tomato curry        
",/recipes/2248651/fried-fish-and-tomato-curry
"

          Curry-crusted fish        
",/recipes/4717/currycrusted-fish
"

          Cucumber & herb triple-deckers        
",/recipes/2137655/cucumber-and-herb-tripledeckers
"

          Passion meringue pie        
",/recipes/3380/passion-meringue-pie
"

          Boozy self-saucing chocolate pud        
",/recipes/boozy-self-saucing-chocolate-pud
"

          Ginger turkey lettuce wraps        
",/recipes/ginger-turkey-lettuce-wraps
"

          Sourdough bread        
",/recipes/sourdough-bread
"

          Italian vegetable soup        
",/recipes/1094667/italian-vegetable-soup
"

          Soured cream bundt cake with butter glaze        
",/recipes/2155638/soured-cream-bundt-cake-with-butter-glaze
"

          Thai carrot slaw        
",/recipes/2063648/thai-carrot-slaw
"

          Smoked fish & potato latkes sharing platter        
",/recipes/smoked-fish-potato-latkes-sharing-platter
"

          Raid-the-fridge burritos        
",/recipes/raid-fridge-burritos
"

          Couscous & falafel salad with minty yogurt        
",/recipes/2249636/couscous-and-falafel-salad-with-minty-yogurt
"

          Melon, orange & raspberry cups        
",/recipes/2504/melon-orange-and-raspberry-cups
"

          Creamy polenta & mushroom ragout        
",/recipes/creamy-polenta-mushroom-ragout
"

          Cheat's chicken Kiev        
",/recipes/449615/cheats-chicken-kiev
"

          Bang bang chicken & vegetable noodles        
",/recipes/bang-bang-chicken-vegetable-noodles
"

          Japanese tofu noodle bowl        
",/recipes/460650/japanese-tofu-noodle-bowl
"

          Tortilla tapas        
",/recipes/1618/tortilla-tapas
"

          Mediterranean fig & mozzarella salad        
",/recipes/1511721/mediterranean-fig-and-mozzarella-salad
"

          Leek & sage risotto with crisp bacon        
",/recipes/4766/leek-and-sage-risotto-with-crisp-bacon
"

          Oriental bangers & mash        
",/recipes/3461/oriental-bangers-and-mash
"

          Stickiest-ever BBQ ribs with chive dip        
",/recipes/2248636/stickiestever-bbq-ribs-with-chive-dip
"

          Classic cheese souffle        
",/recipes/2234/classic-cheese-souffle
"

          Chocolate, salted caramel & banana mess        
",/recipes/2971679/chocolate-salted-caramel-and-banana-mess
"

          Vietnamese chicken baguettes          (Bhan Mi)        
",/recipes/vietnamese-chicken-baguettes-bhan-mi
"

          Garlic pizza with tomato & mozzarella        
",/recipes/garlic-pizza-tomato-mozzarella
"

          Raspberry & orange syllabub        
",/recipes/2935/raspberry-and-orange-syllabub
"

          Summer pasta with peas & mint        
",/recipes/1533/summer-pasta-with-peas-and-mint
"

          Blackberry & coconut squares        
",/recipes/12971/blackberry-and-coconut-squares
"

          Paprika chicken        
",/recipes/5106/paprika-chicken
"

          Nettle gnudi with wild pesto        
",/recipes/nettle-gnudi-wild-pesto
"

          Braised chicken chasseur        
",/recipes/2850/braised-chicken-chasseur
"

          Sesame-crusted fish with samphire & clams        
",/recipes/sesame-crusted-fish-samphire-clams
"

          Minted salmon & pea fish cakes        
",/recipes/2622/minted-salmon-and-pea-fish-cakes
"

          Courgette salad        
",/recipes/2991/courgette-salad
"

          Pistachio cupcakes        
",/recipes/470633/pistachio-cupcakes
"

          Minted houmous pockets        
",/recipes/7496/minted-houmous-pockets
"

          Sparkling mint & lemon juleps         
",/recipes/2217/sparkling-mint-and-lemon-juleps-
"

          Lemon & marzipan hot cross buns        
",/recipes/lemon-marzipan-hot-cross-buns
"

          Spicy red lentil soup with cheese chapatis        
",/recipes/884638/spicy-red-lentil-soup-with-cheese-chapatis
"

          Sloppy Joe bake        
",/recipes/9972/sloppy-joe-bake
"

          Chicken & mushroom hot-pot        
",/recipes/chicken-mushroom-hot-pot
"

          After-dinner mint cream        
",/recipes/1826674/afterdinner-mint-cream
"

          Chipolatas wrapped in sage & pancetta        
",/recipes/2743670/chipolatas-wrapped-in-sage-and-pancetta
"

          Lincolnshire sausage & lentil simmer        
",/recipes/1708/lincolnshire-sausage-and-lentil-simmer
"

          Chestnut, bacon & cranberry stuffing        
",/recipes/3170/chestnut-bacon-and-cranberry-stuffing
"

          Chunky vegetable & brown rice soup        
",/recipes/chunky-vegetable-brown-rice-soup
"

          Grilled halloumi with spiced couscous        
",/recipes/1816/grilled-halloumi-with-spiced-couscous
"

          Almond nut butter        
",/recipes/almond-nut-butter
"

          Squash, ricotta & sage pasta bake        
",/recipes/7731/squash-ricotta-and-sage-pasta-bake
"

          Classic smoked salmon crostini        
",/recipes/2590/classic-smoked-salmon-crostini
"

          Chicken, apricot & pork pie        
",/recipes/chicken-apricot-pork-pie
"

          Coconut ice cream with mango & passion fruit        
",/recipes/coconut-ice-cream-mango-passion-fruit
"

          Tropical treat        
",/recipes/1317/tropical-treat
"

          Cheese & chive mash with bacon        
",/recipes/1755635/cheese-and-chive-mash-with-bacon
"

          Chopped green salad with herby chilli dressing        
",/recipes/chopped-green-salad-herby-chilli-dressing
"

          Asparagus, broad bean & smoked salmon pasta         
",/recipes/1910/asparagus-broad-bean-and-smoked-salmon-pasta-
"

          Turkey laksa        
",/recipes/1267659/turkey-laksa
"

          Griddled chicken with quinoa Greek salad        
",/recipes/2196639/griddled-chicken-with-quinoa-greek-salad
"

          Minted lamb & pea stew        
",/recipes/5163/minted-lamb-and-pea-stew
"

          Spanish skewers        
",/recipes/spanish-skewers
"

          Moroccan chicken with lemon couscous        
",/recipes/827646/moroccan-chicken-with-lemon-couscous
"

          Ho, Ho, Ho, Merry Christmas cake        
",/recipes/1803641/ho-ho-ho-merry-christmas-cake
"

          Chilled rum & raisin rice pudding        
",/recipes/3090677/chilled-rum-and-raisin-rice-pudding
"

          Mexican beef & potato pie        
",/recipes/3147683/mexican-beef-and-potato-pie
"

          Mexican soup with chicken        
",/recipes/8835/mexican-soup-with-chicken
"

          Griddled lamb with spiced new potatoes        
",/recipes/griddled-lamb-spiced-new-potatoes
"

          Omelette wedges        
",/recipes/10867/omelette-wedges
"

          Harissa-spiked houmous        
",/recipes/10960/harissaspiked-houmous
"

          Massaman curry roast chicken        
",/recipes/10586/massaman-curry-roast-chicken
"

          Fruit & nut granola        
",/recipes/10425/fruit-and-nut-granola
"

          Beet & apple salad with horseradish mackerel cream        
",/recipes/beet-apple-salad-horseradish-mackerel-cream
"

          Raw strawberry jam        
",/recipes/raw-strawberry-jam
"

          Crisp Chinese pork        
",/recipes/5532/crisp-chinese-pork
"

          Spicy tiffin eggs        
",/recipes/4357/spicy-tiffin-eggs
"

          Cranberry & chestnut falafel        
",/recipes/cranberry-chestnut-falafel
"

          Really enormous chocolate buttons        
",/recipes/847637/really-enormous-chocolate-buttons
"

          Matchstick chips        
",/recipes/3858/matchstick-chips
"

          Banana loaf        
",/recipes/3017/banana-loaf
"

          Lebanese chicken wraps        
",/recipes/lebanese-chicken-wraps
"

          Neeps and tatties soup        
",/recipes/neeps-and-tatties-soup
"

          Summery mushroom & truffled herb salad        
",/recipes/6668/summery-mushroom-and-truffled-herb-salad
"

          Cheesy chard gratin        
",/recipes/cheesy-chard-gratin
"

          Savoury Danish pastries        
",/recipes/savoury-danish-pastries
"

          Medal cookies        
",/recipes/2365639/medal-cookies
"

          Ham & blue cheese tart        
",/recipes/8106/ham-and-blue-cheese-tart
"

          Salmon fish finger sandwich        
",/recipes/salmon-fish-finger-sandwich
"

          Parsnip mash with apple        
",/recipes/5919/parsnip-mash-with-apple
"

          Broad bean, feta & watercress salad        
",/recipes/broad-bean-feta-watercress-salad
"

          Spicy vegetable chapati wraps        
",/recipes/1267/spicy-vegetable-chapati-wraps
"

          Crushed broad bean pesto        
",/recipes/3086687/crushed-broad-bean-pesto
"

          Roasted squash with sour cherries, spiced seeds & feta        
",/recipes/roasted-squash-sour-cherries-spiced-seeds-feta
"

          Southern fried chicken        
",/recipes/532647/southern-fried-chicken
"

          Asian caramel chicken wings        
",/recipes/asian-caramel-chicken-wings
"

          Tilapia in Thai sauce        
",/recipes/8008/tilapia-in-thai-sauce
"

          Apricot pancakes with honey butter        
",/recipes/3184/apricot-pancakes-with-honey-butter
"

          Clove sugar cookies        
",/recipes/1758667/clove-sugar-cookies
"

          Seared steak with chimichurri dressing        
",/recipes/644636/seared-steak-with-chimichurri-dressing
"

          Herby chickpea balls with tomato sauce        
",/recipes/1167648/herby-chickpea-balls-with-tomato-sauce
"

          Chicken in a bag        
",/recipes/3264/chicken-in-a-bag
"

          Oat & cranberry bars        
",/recipes/oat-cranberry-bars
"

          Chiang Mai curried noodles (Khao soi gai)        
",/recipes/chiang-mai-curried-noodles-khao-soi-gai
"

          Toffee apple squares        
",/recipes/2604655/toffee-apple-squares
"

          Beef bulgogi stir-fry        
",/recipes/beef-bulgogi-stir-fry
"

          Pork & peach kebabs with Little Gem salad        
",/recipes/4415/pork-and-peach-kebabs-with-little-gem-salad
"

          Ricotta & spinach filo bites        
",/recipes/6494/ricotta-and-spinach-filo-bites
"

          Curried parsnip mash        
",/recipes/1742640/curried-parsnip-mash
"

          Spring salmon with minty veg        
",/recipes/3549/spring-salmon-with-minty-veg
"

          Braised shoulder of lamb with jewelled stuffing        
",/recipes/1299661/braised-shoulder-of-lamb-with-jewelled-stuffing
"

          Snowy owl Christmas tree biscuits        
",/recipes/snowy-owls
"

          Baked salmon & aubergine cannelloni        
",/recipes/1759644/baked-salmon-and-aubergine-cannelloni
"

          Crab & avocado tostadas        
",/recipes/2248669/crab-and-avocado-tostadas
"

          Creamed sprouts with chestnuts        
",/recipes/creamed-sprouts-chestnuts
"

          Pan-fried chicken & shaken peas        
",/recipes/1882/panfried-chicken-and-shaken-peas
"

          Easy castle cake        
",/recipes/easy-castle-cake
"

          Roasted ratatouille pasta        
",/recipe/roasted-ratatouille-pasta-0
"

          Norwegian cream cake        
",/recipes/1161653/norwegian-cream-cake
"

          Creamy Waldorf potato topper        
",/recipes/2629/creamy-waldorf-potato-topper
"

          Easter egg brownies        
",/recipes/easter-egg-brownies
"

          Pick 'n' mix pizza        
",/recipes/3083/pick-n-mix-pizza
"

          Pear & saffron compote        
",/recipes/2387/pear-and-saffron-compote
"

          Long amaretto sours         
",/recipes/756646/long-amaretto-sours-
"

          Roast chicken with leek, tarragon & goat's cheese stuffing        
",/recipes/2282/roast-chicken-with-leek-tarragon-and-goats-cheese-
"

          Roast chicken with peppers & feta        
",/recipes/2360673/roast-chicken-with-peppers-and-feta
"

          Blueberry butterfly cakes        
",/recipes/5869/blueberry-butterfly-cakes
"

          Mary's paprika pork in a pot        
",/recipes/1176/marys-paprika-pork-in-a-pot
"

          Dressing crab - How to        
",/recipes/3806/dressing-crab-how-to
"

          Gunpowder chicken with dried red chillies & peanuts        
",/recipes/2884665/gunpowder-chicken-with-dried-red-chillies-and-pean
"

          Mediterranean fish stew with garlic toasts        
",/recipes/711649/mediterranean-fish-stew-with-garlic-toasts
"

          Mustardy beetroot & lentil salad        
",/recipes/mustardy-beetroot-lentil-salad
"

          Cherry, rose & pistachio Pavlova traybake        
",/recipes/cherry-rose-pistachio-pavlova-traybake
"

          Spiced chickpeas with halloumi        
",/recipes/5067/spiced-chickpeas-with-halloumi
"

          Glazed sprouts with caramelised red onions        
",/recipes/glazed-sprouts-caramelised-red-onions
"

          Christmas pizza        
",/recipes/christmas-pizza
"

          BBQ beef short ribs with green apple salsa & fries        
",/recipes/3158680/bbq-beef-short-ribs-with-green-apple-salsa-and-fri
"

          Slow-cooked lamb with onions & thyme        
",/recipes/1826/slowcooked-lamb-with-onions-and-thyme
"

          Antipasti platter with homemade flatbreads        
",/recipes/antipasti-platter-homemade-flatbreads
"

          Apple, rhubarb & custard tart        
",/recipes/251613/apple-rhubarb-and-custard-tart
"

          Roast pork with cider gravy        
",/recipe/roast-pork-cider-gravy
"

          Mussels in red pesto        
",/recipes/884639/mussels-in-red-pesto
"

          Flavoured boiled cabbage        
",/recipes/1687/flavoured-boiled-cabbage
"

          New potato & roasted pepper salad        
",/recipes/3152/new-potato-and-roasted-pepper-salad
"

          Vietnamese prawn salad        
",/recipes/531630/vietnamese-prawn-salad
"

          Jerk spice mix        
",/recipes/3161679/jerk-spice-mix
"

          Spiced pepper & corn soup        
",/recipes/3148/spiced-pepper-and-corn-soup
"

          Spiced chicken & pineapple salad        
",/recipes/spiced-chicken-pineapple-salad
"

          Avocado & chilli salad        
",/recipes/588652/avocado-and-chilli-salad
"

          Lamb & chickpea pitta burger        
",/recipes/lamb-chickpea-pitta-burger
"

          Toulouse sausage cassoulet        
",/recipes/1758647/toulouse-sausage-cassoulet
"

          Chicken liver & chorizo open sandwich        
",/recipes/2955686/chicken-liver-and-chorizo-open-sandwich
"

          Crispy pork tacos with pineapple salsa        
",/recipes/crispy-pork-tacos-pineapple-salsa
"

          Strawberry & rhubarb crumble        
",/recipe/strawberry-rhubarb-crumble
"

          Moroccan roasted veg with tahini dressing        
",/recipes/2195655/moroccan-roasted-veg-with-tahini-dressing
"

          Margarita        
",/recipes/margarita
"

          Triple ginger cheesecake        
",/recipes/10600/triple-ginger-cheesecake
"

          Date & fig bread        
",/recipes/2067/date-and-fig-bread
"

          Get up and go breakfast muffins        
",/recipes/2998682/get-up-and-go-breakfast-muffins
"

          Piri-piri prawn wrap        
",/recipes/piri-piri-prawn-wrap
"

          Mai Tai         
",/recipes/mai-tai
"

          Cumin & onion marinated beef        
",/recipes/cumin-onion-marinated-beef
"

          Salmon coulibiac        
",/recipes/756634/salmon-coulibiac
"

          Farro salad with roasted carrots & feta        
",/recipes/2554638/farro-salad-with-roasted-carrots-and-feta
"

          Coffee lover's kit        
",/recipes/1013641/coffee-lovers-kit
"

          Stripy houmous salad jars        
",/recipes/stripy-houmous-salad-jars
"

          Halloumi with triple crunch salad        
",/recipes/7016/halloumi-with-triple-crunch-salad
"

          Traditional mincemeat        
",/recipes/13377/traditional-mincemeat
"

          Spicy sausage & bean one-pot        
",/recipes/spicy-sausage-bean-one-pot
"

          Mint Chocolate truffles        
",/recipes/980637/mint-chocolate-truffles
"

          Proper turkey gravy        
",/recipes/1837662/proper-turkey-gravy
"

          Lighter lamb kofta curry        
",/recipes/lamb-kofta-curry
"

          Toffee apple cookies        
",/recipes/1297/toffee-apple-cookies
"

          Red curry chicken kebabs         
",/recipes/4498/red-curry-chicken-kebabs-
"

          Green cucumber & mint gazpacho        
",/recipes/1507667/green-cucumber-and-mint-gazpacho
"

          Corned beef hash        
",/recipes/corned-beef-hash
"

          Sticky glazed gammon        
",/recipes/3315/sticky-glazed-gammon
"

          Pink fishballs in spicy lentil gravy        
",/recipes/1576/pink-fishballs-in-spicy-lentil-gravy
"

          Ham & ricotta pizzas with pesto        
",/recipes/448632/ham-and-ricotta-pizzas-with-pesto
"

          Warm Mexican bean dip with tortilla chips        
",/recipes/992642/warm-mexican-bean-dip-with-tortilla-chips
"

          White & dark chocolate cake        
",/recipes/5819/white-and-dark-chocolate-cake
"

          Egg drop chicken noodle soup        
",/recipes/1120670/egg-drop-chicken-noodle-soup
"

          Grilled bass with sauce vierge        
",/recipes/1076651/grilled-bass-with-sauce-vierge
"

          Honey & lemon trout with wilted spinach        
",/recipes/honey-lemon-trout-wilted-spinach
"

          Cod, cauliflower & chorizo mornay        
",/recipes/cod-cauliflower-chorizo-mornay
"

          Warm salad of beansprouts with pork crackling        
",/recipes/warm-salad-beansprouts-pork-crackling
"

          Korean fishcakes with fried eggs & spicy salsa        
",/recipes/korean-fishcakes-fried-eggs-spicy-salsa
"

          Smoked salmon, dill & onion tart        
",/recipes/2164/smoked-salmon-dill-and-onion-tart
"

          Chicken & broccoli pasta bake        
",/recipes/1948/chicken-and-broccoli-pasta-bake
"

          Broccoli, chicken & cashew nut stir fry        
",/recipes/2736/broccoli-chicken-and-cashew-nut-stir-fry
"

          Griddled leeks with hazelnut dressing        
",/recipes/8638/griddled-leeks-with-hazelnut-dressing
"

          Raspberry & mango salad        
",/recipes/2078/raspberry-and-mango-salad
"

          Lamb & potato bake        
",/recipes/448625/lamb-and-potato-bake
"

          Leeks & peas in lemon butter        
",/recipes/74606/leeks-and-peas-in-lemon-butter
"

          The ultimate makeover: Risotto with squash & sage        
",/recipes/9800/the-ultimate-makeover-risotto-with-squash-and-sage
"

          Pecan toffee cake        
",/recipes/8267/pecan-toffee-cake
"

          Steamed mussels with cider, spring onions & cream        
",/recipes/2138649/steamed-mussels-with-cider-spring-onions-and-cream
"

          Banana & cinnamon whirls         
",/recipes/2051/banana-and-cinnamon-whirls-
"

          Gazpacho salad with crispy pollock        
",/recipes/6351/gazpacho-salad-with-crispy-pollack
"

          Ravioli with artichokes, leek & lemon        
",/recipes/ravioli-artichokes-leek-lemon
"

          Chicken & vegetable stew with wholemeal couscous        
",/recipes/748645/chicken-and-vegetable-stew-with-wholemeal-couscous
"

          Non-alcoholic tropical fizz        
",/recipes/2892/nonalcoholic-tropical-fizz
"

          Coconut noodle & vegetable soup        
",/recipes/408642/coconut-noodle-and-vegetable-soup
"

          Chicken, butter bean & pepper stew        
",/recipes/2778662/chicken-butter-bean-and-pepper-stew
"

          Boozy coffee & walnut cake        
",/recipes/2002/boozy-coffee-and-walnut-cake
"

          New potato, watercress & bacon salad with soured cream dressing        
",/recipes/1363/new-potato-watercress-and-bacon-salad-with-soured-
"

          Mozzarella, mango & Serrano ham salad        
",/recipes/2422/mozzarella-mango-and-serrano-ham-salad
"

          Gin & tonic sorbet        
",/recipes/1415681/gin-and-tonic-sorbet
"

          Squash, orange & barley salad        
",/recipes/778639/squash-orange-and-barley-salad
"

          Mediterranean salad tarts        
",/recipes/1333/mediterranean-salad-tarts
"

          Chicken with tarragon, garlic & olives        
",/recipes/2093/chicken-with-tarragon-garlic-and-olives
"

          Quick & easy party nibbles        
",/recipes/69613/quick-and-easy-party-nibbles
"

          Egg-free pancakes        
",/recipes/2920664/eggfree-pancakes
"

          Bucks fizzers        
",/recipes/3094681/bucks-fizzers
"

          Green salad with avocado        
",/recipes/10964/green-salad-with-avocado
"

          Raid-the-cupboard tuna sweetcorn cakes        
",/recipes/2491647/raidthecupboard-tuna-sweetcorn-cakes
"

          The ultimate makeover: Lasagne        
",/recipes/7683/the-ultimate-makeover-lasagne
"

          Roast quail, tangled leek & potato vinaigrette        
",/recipes/2536661/roast-quail-tangled-leek-and-potato-vinaigrette
"

          Rum babas with poached pineapple & vanilla ice cream        
",/recipes/1661641/rum-babas-with-poached-pineapple-and-vanilla-ice-c
"

          Baked marrow amatriciana        
",/recipes/baked-marrow-amatriciana
"

          Pickled pears & cheese platter        
",/recipes/146611/pickled-pears-and-cheese-platter
"

          Kale pesto        
",/recipes/2872687/kale-pesto
"

          Marinated mackerel with green olive & celery dressing        
",/recipes/marinated-mackerel-green-olive-celery-dressing
"

          Slow-cooked Greek Easter lamb with lemons, olives & bay        
",/recipes/slow-cooked-greek-easter-lamb-lemons-olives-bay
"

          Spiced baked figs with ginger mascarpone        
",/recipes/12989/spiced-baked-figs-with-ginger-mascarpone
"

          Two-cheese pasta bake        
",/recipes/2887/twocheese-pasta-bake
"

          Beetroot & shallot Tatins        
",/recipes/beetroot-shallot-tatins
"

          Wild rice salad        
",/recipes/1089654/wild-rice-salad
"

          Chilli vodka        
",/recipes/69600/chilli-vodka
"

          Beautiful beetroot & feta patties        
",/recipes/beautiful-beetroot-feta-patties
"

          Apricot & marzipan twist        
",/recipes/1799648/apricot-and-marzipan-twist
"

          Coconut & tamarind chicken curry        
",/recipes/1852638/coconut-and-tamarind-chicken-curry
"

          Goat's cheese & beetroot salad        
",/recipes/3866/goats-cheese-and-beetroot-salad
"

          Spiced red lentil soup        
",/recipes/1120680/spiced-red-lentil-soup
"

          Quick prawn, fennel & tomato ragout        
",/recipes/7011/quick-prawn-fennel-and-tomato-ragout
"

          Chicken Marengo        
",/recipes/3146682/chicken-marengo
"

          Pan-fried trout with bacon, almonds & beetroot        
",/recipes/pan-fried-trout-bacon-almonds-beetroot
"

          Cod with bacon, lettuce & peas        
",/recipes/2040654/cod-with-bacon-lettuce-and-peas
"

          Easy chicken gumbo        
",/recipes/chicken-gumbo-0
"

          Chickpea, chorizo & spinach stew        
",/recipes/10775/chickpea-chorizo-and-spinach-stew
"

          Greek lamb with potatoes & olives        
",/recipes/749727/greek-lamb-with-potatoes-and-olives
"

          Pineapple sorbet with fresh mango        
",/recipes/1805646/pineapple-sorbet-with-fresh-mango
"

          Apricot & almond Bakewell        
",/recipes/10582/apricot-and-almond-bakewell
"

          Summer braised chicken with tomatoes        
",/recipe/summer-braised-chicken-tomatoes
"

          Cheese & spinach pasties        
",/recipes/2536660/cheese-and-spinach-pasties
"

          Chinese poached chicken & rice        
",/recipes/chinese-poached-chicken-rice
"

          Chinese-style wintery rolls        
",/recipes/2248/chinesestyle-wintery-rolls
"

          Creamy cod chowder stew        
",/recipes/creamy-cod-chowder-stew
"

          Broccoli & peas with sesame seeds, soy & honey        
",/recipes/164617/broccoli-and-peas-with-sesame-seeds-soy-and-honey
"

          Carrot cake with cinnamon frosting        
",/recipes/532636/carrot-cake-with-cinnamon-frosting
"

          Halloumi with chickpea salsa & couscous        
",/recipes/1167647/halloumi-with-chickpea-salsa-and-couscous
"

          Oaty fish & prawn gratins        
",/recipes/1959672/oaty-fish-and-prawn-gratins
"

          Stollen wreath cake        
",/recipes/stollen-wreath-cake
"

          Easy sweet & sour chicken        
",/recipes/1472/easy-sweet-and-sour-chicken
"

          Chicken & stuffing picnic pie        
",/recipes/2219673/chicken-and-stuffing-picnic-pie
"

          Roast hogget        
",/recipes/531669/roast-hogget
"

          Spicy plum tart with marsala custard        
",/recipes/1593/spicy-plum-tart-with-marsala-custard
"

          Beer-battered pollock bites        
",/recipes/5907/beerbattered-pollack-bites
"

          Brie, ham & fig jam toastie        
",/recipes/brie-ham-fig-jam-toastie
"

          Chicken, sweet potato & coconut curry        
",/recipes/1555/chicken-sweet-potato-and-coconut-curry
"

          Braised cabbage & carrots        
",/recipes/1916643/braised-cabbage-and-carrots
"

          Barney's roly-poly mince pies        
",/recipes/2175/barneys-rolypoly-mince-pies
"

          Herb oil focaccia        
",/recipes/3018691/herb-oil-focaccia
"

          Leek & herb stuffed jackets        
",/recipes/9589/leek-and-herb-stuffed-jackets
"

          Cheesy garlic bread        
",/recipes/2604/cheesy-garlic-bread
"

          Tarragon & mustard roasted free-range chicken        
",/recipes/3021/tarragon-and-mustard-roasted-freerange-chicken
"

          Spiced roast lamb        
",/recipes/3147707/spiced-roast-lamb
"

          Summer lamb with carrot & fennel salad        
",/recipes/587630/summer-lamb-with-carrot-and-fennel-salad
"

          Tricolore couscous salad        
",/recipes/4660/tricolore-couscous-salad
"

          Sprout & chorizo carbonara        
",/recipes/sprout-chorizo-carbonara
"

          Tomato tart with cheddar crust        
",/recipes/2944/tomato-tart-with-cheddar-crust
"

          Bay & orange roast turkey        
",/recipes/146612/bay-and-orange-roast-turkey
"

          Potato & leek gratin        
",/recipes/1365/potato-and-leek-gratin
"

          Pineapple & cherry upside-down sandwich cake        
",/recipes/2955691/pineapple-and-cherry-upsidedown-sandwich-cake
"

          Apple & cornflake pots        
",/recipes/1897695/apple-and-cornflake-pots
"

          Minted potato salad        
",/recipes/3507/minted-potato-salad
"

          Halloumi salad with orange & mint        
",/recipes/4664/halloumi-salad-with-orange-and-mint
"

          Sticky stem ginger duck & noodle salad        
",/recipes/sticky-stem-ginger-duck-noodle-salad
"

          Breakfast banana split        
",/recipes/breakfast-banana-split
"

          Broccoli lemon chicken with cashews        
",/recipes/1399/broccoli-lemon-chicken-with-cashews
"

          Moroccan-style chicken        
",/recipes/2043/moroccanstyle-chicken
"

          Minty roast veg & houmous salad        
",/recipes/minty-roast-veg-houmous-salad
"

          Crunchy winter salad        
",/recipes/2794/crunchy-winter-salad
"

          Peach & red berry ice cream cake        
",/recipes/peach-red-berry-ice-cream-cake
"

          Pork, cider & artichoke stew        
",/recipes/pork-cider-artichoke-stew
"

          Spring green fattoush        
",/recipes/468651/spring-green-fattoush
"

          Chicken with pomegranate & Brazil nuts        
",/recipes/chicken-pomegranate-brazil-nuts
"

          White Christmas cocktail        
",/recipes/white-christmas-cocktail
"

          Angela Nilsen's Christmas cake        
",/recipes/1004/angela-nilsens-christmas-cake
"

          Thai chicken and sweet potato soup        
",/recipes/1993647/thai-chicken-and-sweet-potato-soup
"

          Toffee nut squares        
",/recipes/711657/toffee-nut-squares
"

          Maple, pecan & raisin oaty cookies        
",/recipes/1263676/maple-pecan-and-raisin-oaty-cookies
"

          Poule au pot with stuffing balls & garlic cream        
",/recipes/997640/poule-au-pot-with-stuffing-balls-and-garlic-cream
"

          Aubergines & feta with chilli        
",/recipes/2461/aubergines-and-feta-with-chilli
"

          Speedy prawn pilaf        
",/recipes/2778/speedy-prawn-pilaf
"

          Sicilian potato cake        
",/recipes/2763/sicilian-potato-cake
"

          Clementinis        
",/recipes/clementinis
"

          Peppers with black beans         
",/recipes/1393/peppers-with-black-beans-
"

          Buttermilk pancakes with maple apples & pecans        
",/recipes/1716/buttermilk-pancakes-with-maple-apples-and-pecans
"

          Roasted pepper sauce for pasta or chicken        
",/recipes/1492/roasted-pepper-sauce-for-pasta-or-chicken
"

          Fresh raspberry jelly        
",/recipes/fresh-raspberry-jelly
"

          Griddled bananas with nutty chocolate custard        
",/recipes/2141646/griddled-bananas-with-nutty-chocolate-custard
"

          Hannah Obee's Salted caramel chocolate cake        
",/recipes/12981/hannah-obees-salted-caramel-chocolate-cake
"

          Chocolate & almond marbled bundt cake        
",/recipes/chocolate-almond-marbled-bundt-cake
"

          Pan bagnat loaf stuffed with salade nicoise        
",/recipes/3012/pan-bagnat-loaf-stuffed-with-salade-nicoise
"

          Pulled chicken        
",/recipes/pulled-chicken
"

          Asian pulled chicken salad        
",/recipes/asian-pulled-chicken-salad
"

          Partridge with wine & cinnamon        
",/recipes/4808/partridge-with-wine-and-cinnamon
"

          Honeydew melon, cucumber & lime juice        
",/recipes/honeydew-melon-cucumber-lime-juice
"

          Creamy yogurt porridge with apricot, ginger & grapefruit topping        
",/recipes/creamy-yogurt-porridge-apricot-ginger-grapefruit-topping
"

          Gooseberry ice cream        
",/recipes/2303645/gooseberry-ice-cream
"

          Melting cheese courgettes        
",/recipes/2318/melting-cheese-courgettes
"

          Rosemary chicken with tomato sauce        
",/recipes/8159/rosemary-chicken-with-tomato-sauce
"

          Creamy kale & chicken traybake        
",/recipes/creamy-kale-chicken-traybake
"

          Smoked salmon & celeriac dauphinoise        
",/recipes/1596/smoked-salmon-and-celeriac-dauphinoise
"

          New potato & rosemary pizza        
",/recipes/1530/new-potato-and-rosemary-pizza
"

          Versatile veg soup        
",/recipes/8029/versatile-veg-soup
"

          Lamb & lettuce pan-fry        
",/recipes/4403/lamb-and-lettuce-panfry
"

          Crunchy roast potatoes        
",/recipes/8367/crunchy-roast-potatoes
"

          Feta & sweetcorn samosas        
",/recipes/1913649/feta-and-sweetcorn-samosas
"

          Patatas bravas        
",/recipes/1177/patatas-bravas
"

          Braised beef with cranberries & spices        
",/recipes/braised-beef-cranberries-spices
"

          Chicken with wine & mushrooms        
",/recipes/3402/chicken-with-wine-and-mushrooms
"

          Quesadilla pancakes        
",/recipes/quesadilla-pancakes
"

          Fig, raspberry & cardamom pie        
",/recipes/fig-raspberry-cardamom-pie
"

          Fresh & light chowder        
",/recipes/13149/fresh-and-light-chowder
"

          Heirloom tomato & watermelon salad        
",/recipes/heirloom-tomato-watermelon-salad
"

          Veal chops with spinach & green pepper salsa        
",/recipes/veal-chops-spinach-green-pepper-salsa
"

          Roast plum duck puffs        
",/recipes/9105/roast-plum-duck-puffs
"

          Ginger beer & tangerine glazed ham        
",/recipes/864635/ginger-beer-and-tangerine-glazed-ham
"

          Sausages with warm red cabbage & beetroot slaw        
",/recipes/2141648/sausages-with-warm-red-cabbage-and-beetroot-slaw
"

          Minted potato & green bean salad        
",/recipes/2030/minted-potato-and-green-bean-salad
"

          Potato salad with sweet onion dressing        
",/recipes/4633/potato-salad-with-sweet-onion-dressing
"

          Rye bread with almond butter & pink grapefruit segments        
",/recipes/rye-bread-almond-butter-pink-grapefruit-segments
"

          Mini chocolate & ginger brownies         
",/recipes/2685650/mini-chocolate-and-ginger-brownies-
"

          Lamb steaks with Moroccan spiced rice        
",/recipes/1772/lamb-steaks-with-moroccan-spiced-rice
"

          Watercress & celeriac soup with goat's cheese croutons        
",/recipes/853634/watercress-and-celeriac-soup-with-goats-cheese-cro
"

          Runner bean vinaigrette        
",/recipes/7665/runner-bean-vinaigrette
"

          Summer salad with anchovy dressing        
",/recipes/11188/summer-salad-with-anchovy-dressing
"

          Steak with chunky chips & horseradish cream        
",/recipes/1001/steak-with-chunky-chips-and-horseradish-cream
"

          Nice 'n' spicy savoury rice        
",/recipes/3386/nice-n-spicy-savoury-rice
"

          Roasted garlic dip with vegetable platter        
",/recipes/3243/roasted-garlic-dip-with-vegetable-platter
"

          Upside-down chicory tart        
",/recipes/3370/upsidedown-chicory-tart
"

          Smoothie jellies with ice cream        
",/recipes/4504/smoothie-jellies-with-ice-cream
"

          Tuna sweet potato jackets        
",/recipes/144605/tuna-sweet-potato-jackets
"

          Garlic roast lamb with hotpot potatoes        
",/recipes/3028679/garlic-roast-lamb-with-hotpot-potatoes
"

          Artichoke & olive calzones        
",/recipes/artichoke-olive-calzones
"

          Healthier Victoria sandwich        
",/recipes/2365636/healthier-victoria-sandwich
"

          Easy Indian chicken with coleslaw        
",/recipes/10353/easy-indian-chicken-with-coleslaw
"

          Luscious lemon & raspberry sandwich        
",/recipe/luscious-lemon-raspberry-sandwich
"

          Udon noodle soup        
",/recipes/udon-noodle-soup
"

          Vegan banana & peanut butter cupcakes        
",/recipes/vegan-banana-peanut-butter-cupcakes
"

          Creamy yogurt porridge with pear, walnut & cinnamon topping        
",/recipes/creamy-yogurt-porridge-pear-walnut-cinnamon-topping
"

          Tex-Mex cheese dip        
",/recipes/tex-mex-cheese-dip
"

          Poached egg with spicy rice        
",/recipes/3608/poached-egg-with-spicy-rice
"

          Crispy chicken & asparagus pie         
",/recipes/2061/crispy-chicken-and-asparagus-pie-
"

          Spiced Indian potato wraps        
",/recipes/1167638/spiced-indian-potato-wraps
"

          Lamb, squash & apricot tagine        
",/recipes/2411640/lamb-squash-and-apricot-tagine
"

          Warm chicken noodle salad        
",/recipes/3143/warm-chicken-noodle-salad
"

          Sticky treacle-glazed ham        
",/recipes/765638/sticky-treacleglazed-ham
"

          Exercise shake        
",/recipes/2407639/exercise-shake
"

          Mini smoked haddock Scotch eggs with asparagus dippers & watercress mayonnaise        
",/recipes/2063666/mini-smoked-haddock-scotch-eggs-with-asparagus-dip
"

          Scallop & apple salad with hazelnut dressing        
",/recipes/2774679/scallop-and-apple-salad-with-hazelnut-dressing
"

          Pane di tre sorelle        
",/recipes/1369/pane-di-tre-sorelle
"

          Honey-roast confit of duck        
",/recipes/honey-roast-confit-duck
"

          Hot & sour pork & pepper stir-fry        
",/recipes/827645/hot-and-sour-pork-and-pepper-stirfry
"

          Lemony tuna & asparagus salad box        
",/recipes/lemony-tuna-asparagus-salad-box
"

          Salmon with salsa verde        
",/recipes/1993637/salmon-with-salsa-verde
"

          Marrow & ginger jam        
",/recipes/7565/marrow-and-ginger-jam
"

          Spiced wine        
",/recipes/2796/spiced-wine
"

          Fragrant chicken, coriander & coconut curry        
",/recipes/11205/fragrant-chicken-coriander-and-coconut-curry
"

          Caraway-roasted carrot & feta salad        
",/recipes/9047/carawayroasted-carrot-and-feta-salad
"

          Hot diggedy dogs        
",/recipes/1296/hot-diggedy-dogs
"

          Fruit & seed yogurt        
",/recipes/fruit-%26-seed-yogurt
"

          Peach, pistachio & white chocolate pound cake        
",/recipes/2358653/peach-pistachio-and-white-chocolate-pound-cake
"

          Fig & walnut slice        
",/recipes/863648/fig-and-walnut-slice
"

          Roast red mullet with tarragon & pancetta        
",/recipes/2823/roast-red-mullet-with-tarragon-and-pancetta
"

          Plum & almond pudding        
",/recipes/749719/plum-and-almond-pudding
"

          Strawberry & mint granita        
",/recipes/strawberry-mint-granita
"

          Strawberry & cinnamon torte        
",/recipes/2304/strawberry-and-cinnamon-torte
"

          Seville orange marmalade        
",/recipes/3383/seville-orange-marmalade
"

          Maggoty apples        
",/recipes/maggoty-apples
"

          Chicory cups with prawns & mango        
",/recipes/chicory-cups-prawns-mango
"

          Mexican chicken stew with quinoa & beans        
",/recipes/1940686/mexican-chicken-stew-with-quinoa-and-beans
"

          Tomato & aubergine pasta        
",/recipes/2542/tomato-and-aubergine-pasta
"

          DIY British beef crostini        
",/recipes/diy-british-beef-crostini
"

          Sticky sausage & rosemary skewers        
",/recipes/sticky-sausage-rosemary-skewers
"

          Bellini granita        
",/recipe/bellini-granita
"

          Moroccan meatball tagine with lemon & olives        
",/recipes/1898649/moroccan-meatball-tagine-with-lemon-and-olives
"

          Sticky liquorice carrots        
",/recipes/sticky-liquorice-carrots
"

          Cauliflower, egg & potato curry        
",/recipes/1436/cauliflower-egg-and-potato-curry
"

          The ultimate makeover: Vanilla ice cream        
",/recipes/6601/the-ultimate-makeover-vanilla-ice-cream
"

          Hot-smoked salmon & grapefruit salad        
",/recipes/hot-smoked-salmon-grapefruit-salad
"

          Yummy chocolate log        
",/recipes/8767/yummy-chocolate-log
"

          Ham, spinach & artichoke pizza pie        
",/recipes/3939/ham-spinach-and-artichoke-pizza-pie
"

          Marmite & pancetta spaghetti        
",/recipes/marmite-pancetta-spaghetti
"

          Horseradish butter steaks        
",/recipes/4550/horseradish-butter-steaks
"

          Fromage frais mousse with strawberry sauce        
",/recipes/590636/fromage-frais-mousse-with-strawberry-sauce
"

          Spinach with raisins, pine nuts & breadcrumbs        
",/recipes/1411655/spinach-with-raisins-pine-nuts-and-breadcrumbs
"

          Pan roasted chicken with crisp prosciutto & tomatoes        
",/recipes/2721/pan-roasted-chicken-with-crisp-prosciutto-and-toma
"

          Spiced potato wedges        
",/recipes/1294/spiced-potato-wedges
"

          Giant peach, nectarine & apricot meringue tart        
",/recipes/giant-peach-nectarine-apricot-meringue-tart
"

          Thai green prawn curry        
",/recipes/thai-green-prawn-curry
"

          Low-fat moussaka        
",/recipes/1658641/lowfat-moussaka
"

          Chestnut fool        
",/recipes/864648/chestnut-fool
"

          Really sticky ribs         
",/recipes/2751/really-sticky-ribs-
"

          Bows with tuna, olives & capers        
",/recipes/2490/bows-with-tuna-olives-and-capers
"

          Spiced meat rub        
",/recipes/1759656/spiced-meat-rub
"

          Strawberry & peanut crunch pie        
",/recipes/strawberry-peanut-crunch-pie
"

          Brie & bacon toasties        
",/recipes/2143/brie-and-bacon-toasties
"

          Butternut squash & sage macaroni cheese        
",/recipes/butternut-squash-sage-macaroni-cheese
"

          Slow-roasted shoulder of lamb        
",/recipes/slow-roasted-shoulder-lamb
"

          Spinach pesto pasta with olives        
",/recipes/4840/spinach-pesto-pasta-with-olives
"

          Sticky cod with celeriac & parsley mash        
",/recipes/2471638/sticky-cod-with-celeriac-and-parsley-mash
"

          Peach & blue cheese salad        
",/recipes/2502/peach-and-blue-cheese-salad
"

          Warm peaches with basil & honey        
",/recipes/2124/warm-peaches-with-basil-and-honey
"

          Chestnuts in Cointreau & orange syrup        
",/recipes/chestnuts-cointreau-orange-syrup
"

          Spicy merguez & couscous pot        
",/recipes/spicy-merguez-couscous-pot
"

          Warm artichoke & asparagus summer salad        
",/recipes/11250/warm-artichoke-and-asparagus-summer-salad
"

          Winter spice jelly        
",/recipes/1799637/winter-spice-jelly
"

          Maple & pecan carrots        
",/recipes/74605/maple-and-pecan-carrots
"

          Vanilla poached plums        
",/recipes/2858/vanilla-poached-plums
"

          Chicken & ham sandwich pies        
",/recipes/1403640/chicken-and-ham-sandwich-pies
"

          Fruity Neapolitan lolly loaf        
",/recipes/fruity-neapolitan-lolly-loaf
"

          Mango & passion fruit fool        
",/recipes/518642/mango-and-passion-fruit-fool
"

          Turkey tabbouleh        
",/recipes/turkey-tabbouleh
"

          Sourdough           
",/recipes/2998683/sourdough-
"

          Any-occasion cake        
",/recipes/1753/anyoccasion-cake
"

          Roast pork with fruity sauce        
",/recipes/2054/roast-pork-with-fruity-sauce
"

          Chicken schnitzel strips with tomato spaghetti        
",/recipes/chicken-schnitzel-strips-tomato-spaghetti
"

          Spinach, avocado & prawn salad        
",/recipes/3161/spinach-avocado-and-prawn-salad
"

          Bean & dill pilaf with garlicky yogurt        
",/recipes/5961/bean-and-dill-pilaf-with-garlicky-yogurt
"

          Lighter gingerbread        
",/recipes/lighter-gingerbread
"

          Baby potatoes in sea salt with herb salsa        
",/recipes/baby-potatoes-sea-salt-herb-salsa
"

          Marathon burritos        
",/recipes/marathon-burritos
"

          Honey-mustard chicken pasta        
",/recipes/7027/honeymustard-chicken-pasta
"

          Sweet & sticky wings with classic slaw        
",/recipes/1133653/sweet-and-sticky-wings-with-classic-slaw
"

          Lentil rice salad with beetroot & feta dressing        
",/recipes/2360685/lentil-rice-salad-with-beetroot-and-feta-dressing
"

          One-pan simple summer chicken        
",/recipes/2248646/onepan-simple-summer-chicken
"

          Sicilian pizza (sfincione)        
",/recipes/2220690/sicilian-pizza-sfincione
"

          Sesame flatbreads        
",/recipes/1578/sesame-flatbreads
"

          Baked skinny fries        
",/recipes/1897703/baked-skinny-fries
"

          Beetroot & butternut stew        
",/recipes/beetroot-butternut-stew
"

          Lamb-stuffed aubergines        
",/recipes/lamb-stuffed-aubergines
"

          Nasi goreng with sardines        
",/recipe/nasi-goreng-sardines
"

          Spiced bulghar, chickpea & squash salad        
",/recipes/1672/spiced-bulghar-chickpea-and-squash-salad
"

          Prawn cocktail on toast        
",/recipes/2322/prawn-cocktail-on-toast
"

          Turkey & avocado toast        
",/recipes/2053641/turkey-and-avocado-toast
"

          Warm pesto roast veg        
",/recipes/5166/warm-pesto-roast-veg
"

          Dark chocolate & prune mousse        
",/recipes/1668/dark-chocolate-and-prune-mousse
"

          New potato & rosemary focaccia        
",/recipes/new-potato-rosemary-focaccia
"

          Sticky ginger-nut cake        
",/recipes/1192/sticky-gingernut-cake
"

          Strawberry, melon & ginger sundaes        
",/recipes/2384/strawberry-melon-and-ginger-sundaes
"

          Warm halloumi, chickpea & lime salad        
",/recipes/2410640/warm-halloumi-chickpea-and-lime-salad
"

          Prawn fajitas with avocado cream        
",/recipes/2138644/prawn-fajitas-with-avocado-cream
"

          Citrus-spiked chicken with roasted red onions        
",/recipes/1279/citrusspiked-chicken-with-roasted-red-onions
"

          Goat's cheese & onion pastries        
",/recipes/67616/goats-cheese-and-onion-pastries
"

          Venison steaks with stroganoff sauce & shoestring fries        
",/recipes/2539638/venison-steaks-with-stroganoff-sauce-and-shoestrin
"

          Eton mess cake        
",/recipes/1364651/eton-mess-cake
"

          Strawberries & cream layer         
",/recipes/4475/strawberries-and-cream-layer-
"

          Stuffed porchetta        
",/recipes/stuffed-festive-porchetta
"

          Microwave penne pappa al pomodoro        
",/recipes/microwave-penne-pappa-al-pomodoro
"

          Nectarine & strawberry pots        
",/recipes/2395/nectarine-and-strawberry-pots
"

          Baked Camembert pie for sharing        
",/recipes/baked-camembert-pie-sharing
"

          American-style pancakes with vanilla berry compote        
",/recipes/863639/americanstyle-pancakes-with-vanilla-berry-compote
"

          Spinach & sweet potato samosas        
",/recipes/spinach-sweet-potato-samosas
"

          Chicken & olive casserole        
",/recipes/chicken-olive-casserole
"

          Spiced whole cauliflower & warm chickpea salad        
",/recipes/spiced-whole-cauliflower-warm-chickpea-salad
"

          Creamy rice pudding with stewed plums        
",/recipes/783634/creamy-rice-pudding-with-stewed-plums
"

          Eggs Florentine pizza        
",/recipes/eggs-florentine-pizza
"

          Fresh pesto        
",/recipes/2852675/fresh-pesto
"

          Runner bean & prosciutto pasta        
",/recipes/4718/runner-bean-and-prosciutto-pasta
"

          Lemony three bean & feta salad        
",/recipes/2040653/lemony-three-bean-and-feta-salad
"

          Herb roast pork with vegetable roasties & apple gravy        
",/recipes/herb-roast-pork-vegetable-roasties-apple-gravy
"

          Sesame pak choi        
",/recipes/1183/sesame-pak-choi
"

          Crab & asparagus salad with real salad cream        
",/recipes/10597/crab-and-asparagus-salad-with-real-salad-cream
"

          Bacon-wrapped, cheese-stuffed, smoky barbecue meatballs        
",/recipes/bacon-wrapped-cheese-stuffed-smoky-bbq-meatballs
"

          Iceberg with yogurt dressing        
",/recipes/iceberg-yogurt-dressing
"

          Cheeseburger & chips        
",/recipes/12230/cheeseburger-and-chips
"

          Phat Thai        
",/recipes/291607/phat-thai
"

          Creamy mustard & tarragon chicken        
",/recipes/9975/creamy-mustard-and-tarragon-chicken
"

          Chicken pie with a carrot thatch         
",/recipes/775666/chicken-pie-with-a-carrot-thatch-
"

          Cranberry pecan & ginger loaf        
",/recipes/3051/cranberry-pecan-and-ginger-loaf
"

          Garden pea & asparagus mousse        
",/recipes/1842/garden-pea-and-asparagus-mousse
"

          Venison meatball & wild mushroom stroganoff        
",/recipes/venison-meatball-wild-mushroom-stroganoff
"

          Pea, mint & spring onion soup with Parmesan biscuits        
",/recipes/408630/pea-mint-and-spring-onion-soup-with-parmesan-biscu
"

          Breadcrumbed pork with grilled aubergine & spicy tomato sauce        
",/recipes/460649/breadcrumbed-pork-with-grilled-aubergine-and-spicy
"

          Shine a light        
",/recipes/shine-light
"

          Smoked haddock & cheddar fishcakes with watercress sauce        
",/recipes/smoked-haddock-cheddar-fishcakes-watercress-sauce
"

          Chorizo & artichoke risotto        
",/recipes/1165/chorizo-and-artichoke-risotto
"

          Strawberry & almond cheesecake sponge        
",/recipes/strawberry-almond-cheesecake-sponge
"

          Passion-mango delight with coconut whip        
",/recipes/passion-mango-delight-coconut-whip
"

          Herb-buttered turkey, roasties & cranberry sauce gravy        
",/recipes/3189/herbbuttered-turkey-roasties-and-cranberry-sauce-g
"

          Garlicky fondant potatoes        
",/recipes/1794/garlicky-fondant-potatoes
"

          Oven-baked red pepper risotto        
",/recipes/7700/ovenbaked-red-pepper-risotto
"

          Creamed corn        
",/recipes/2412654/creamed-corn
"

          Chocolate orange tart        
",/recipes/chocolate-orange-tart
"

          Smoked salmon & lemon risotto        
",/recipes/5965/smoked-salmon-and-lemon-risotto
"

          Warm roasted squash and Puy lentil salad        
",/recipes/1755649/warm-roasted-squash-and-puy-lentil-salad
"

          Green beans with griddled tomatoes        
",/recipes/7061/green-beans-with-griddled-tomatoes
"

          Lemon drizzle scones        
",/recipes/lemon-drizzle-scones
"

          Masala chicken pie        
",/recipes/2865665/masala-chicken-pie
"

          Gluten-free carrot cake        
",/recipes/1658634/glutenfree-carrot-cake
"

          Spicy chicken & bacon pasties        
",/recipes/2878/spicy-chicken-and-bacon-pasties
"

          Spicy black bean tacos        
",/recipes/spicy-black-bean-tacos
"

          Quick mushroom & spinach lasagne        
",/recipes/1570636/quick-mushroom-and-spinach-lasagne
"

          Shepherd's pie jackets        
",/recipes/1361/shepherds-pie-jackets
"

          Cranberry sauce with port & star anise        
",/recipes/1207/cranberry-sauce-with-port-and-star-anise
"

          Spiced goat's cheese dip        
",/recipes/3896/spiced-goats-cheese-dip
"

          Spiced root vegetable soup        
",/recipes/877635/spiced-root-vegetable-soup
"

          Spicy pizza breads with raita salad        
",/recipes/7523/spicy-pizza-breads-with-raita-salad
"

          Mini jacket potatoes        
",/recipes/749718/mini-jacket-potatoes
"

          Oriental beef skewers with cucumber salad        
",/recipes/6349/oriental-beef-skewers-with-cucumber-salad
"

          Steak & chips salad        
",/recipes/3076/steak-and-chips-salad
"

          Sardines with crisp paprika crumbs        
",/recipes/7009/sardines-with-crisp-paprika-crumbs
"

          Coconut cake        
",/recipes/10981/coconut-cake
"

          Sticky sausages with potato sweetcorn salad        
",/recipes/2248641/sticky-sausages-with-potato-sweetcorn-salad
"

          Quinoa & feta salad with roasted vegetables        
",/recipes/1940688/quinoa-and-feta-salad-with-roasted-vegetables
"

          Mussels with tomatoes & chilli        
",/recipes/1585636/mussels-with-tomatoes-and-chilli
"

          Pork, lemon & potato kebabs        
",/recipes/1849/pork-lemon-and-potato-kebabs
"

          Cauliflower & bacon pasta        
",/recipes/cauliflower-bacon-pasta
"

          Indian sweet potato & dhal pies        
",/recipes/indian-sweet-potato-dhal-pies
"

          Hoisin wraps        
",/recipes/3405/hoisin-wraps
"

          Maple mustard roots        
",/recipes/146620/maple-mustard-roots
"

          Broad bean & courgette salad        
",/recipes/1267657/broad-bean-and-courgette-salad
"

          Raspberry tiramisu         
",/recipes/1263634/raspberry-tiramisu-
"

          Lamb koftas with beetroot & apple raita        
",/recipes/lamb-koftas-beetroot-apple-raita
"

          Tortilla & bean salad        
",/recipes/2140/tortilla-and-bean-salad
"

          Feta & semi-dried tomato omelette        
",/recipes/1897686/feta-and-semidried-tomato-omelette
"

          BLT tart        
",/recipes/blt-tart
"

          Easter puddings        
",/recipes/408636/easter-puddings
"

          Sage, leek & onion balls        
",/recipes/72614/sage-leek-and-onion-balls
"

          Sweet potato masala dosa with coconut raita        
",/recipes/sweet-potato-masala-dosa-coconut-raita
"

          Turmeric pilau with golden onions        
",/recipes/4566/turmeric-pilau-with-golden-onions
"

          Lamb chops with red pepper & mint salsa        
",/recipes/1368634/lamb-chops-with-red-pepper-and-mint-salsa
"

          Choco-mel muffins        
",/recipes/3130/chocomel-muffins
"

          Medley of summer fruits         
",/recipes/2133/medley-of-summer-fruits-
"

          Smoky bacon pot noodle for one        
",/recipes/8035/smoky-bacon-pot-noodle-for-one
"

          Sizzled chipotle steak sarnies        
",/recipes/sizzled-chipotle-steak-sarnies
"

          Herby rice with roasted veg, chickpeas & halloumi        
",/recipes/herby-rice-roasted-veg-chickpeas-halloumi
"

          Gujarati cabbage with coconut & potato        
",/recipes/1128649/gujarati-cabbage-with-coconut-and-potato
"

          Jammy dodger flowers        
",/recipes/jammy-dodger-flowers
"

          Mackerel & potato salad with lemon caraway dressing        
",/recipes/2220655/mackerel-and-potato-salad-with-lemon-caraway-dress
"

          Lemon bars        
",/recipes/696634/lemon-bars
"

          Tender braised leeks        
",/recipes/237604/tender-braised-leeks
"

          Prawn & mussel pies        
",/recipes/2849/prawn-and-mussel-pies
"

          Thai turkey stir-fry        
",/recipes/1755639/thai-turkey-stirfry
"

          Chorizo, ricotta & spinach pasta bake        
",/recipes/chorizo-ricotta-spinach-pasta-bake
"

          Seared beef, grilled pepper & caper berry        
",/recipes/seared-beef-grilled-pepper-caper-berry
"

          Korean-style fried rice        
",/recipes/korean-style-fried-rice
"

          Creamy mushrooms        
",/recipes/1831/creamy-mushrooms
"

          Creamy Swedish meatballs        
",/recipes/3975/creamy-swedish-meatballs
"

          Smoked trout salad        
",/recipes/2226/smoked-trout-salad
"

          Layered roast summer vegetables        
",/recipes/11210/layered-roast-summer-vegetables
"

          Mexican pork koftas        
",/recipes/mexican-pork-koftas
"

          Sausage & prawn jambalaya        
",/recipes/3074685/sausage-and-prawn-jambalaya
"

          Greek-style roast chicken        
",/recipes/greek-style-roast-chicken
"

          Vietnamese pork & peanut burgers        
",/recipes/vietnamese-pork-peanut-burgers
"

          Chocolate, mint & chilli truffles        
",/recipes/chocolate-mint-chilli-truffles
"

          Horseradish potato dauphinoise        
",/recipes/1581638/horseradish-potato-dauphinoise
"

          Chocolate tiffin Easter nest        
",/recipes/frances-quinns-chocolate-tiffin-easter-nest
"

          Spicy Moroccan chops        
",/recipes/1923/spicy-moroccan-chops
"

          Lighter nachos        
",/recipes/lighter-nachos
"

          Toffee apple pops        
",/recipes/toffee-apple-pops
"

          Open rye sandwich with chicken & avocado        
",/recipes/open-rye-sandwich-chicken-avocado
"

          Orange & almond cupcakes        
",/recipe/orange-almond-cupcakes
"

          Roast chicken with savoury sauce        
",/recipes/2299/roast-chicken-with-savoury-sauce
"

          Thai pesto prawn noodles        
",/recipes/thai-pesto-prawn-noodles
"

          Avocado salad        
",/recipes/693641/avocado-salad
"

          Saffron roast turkey        
",/recipes/5033/saffron-roast-turkey
"

          Basil & white chocolate creams with sticky balsamic strawberries        
",/recipes/2108/basil-and-white-chocolate-creams-with-sticky-balsa
"

          Cowboy chicken & bean stew        
",/recipe/cowboy-chicken-bean-stew
"

          Melting chocolate puddings        
",/recipes/845676/melting-chocolate-puddings
"

          Croquembouche        
",/recipes/1801/croquembouche
"

          Chocolate & caramel ombre cake        
",/recipes/1161646/chocolate-and-caramel-layer-cake
"

          Cheesy chips        
",/recipes/3091686/cheesy-chips
"

          Really easy cheese fondue        
",/recipes/really-easy-cheese-fondue
"

          For-the-freezer ratatouille        
",/recipes/freezer-ratatouille
"

          Frozen fruit sticks with passion fruit & lime drizzle        
",/recipes/1507672/frozen-fruit-sticks-with-passion-fruit-and-lime-dr
"

          Tutti-frutti rounds        
",/recipes/2245/tuttifrutti-rounds
"

          Mini jackets with caper soured cream        
",/recipes/2831684/mini-jackets-with-caper-soured-cream
"

          Artichoke & lemon dip        
",/recipes/7994/artichoke-and-lemon-dip
"

          Blackberry & lemon mess        
",/recipes/2411654/blackberry-and-lemon-mess
"

          Celery 'string' blue cheese & walnut salad        
",/recipes/845633/celery-string-blue-cheese-and-walnut-salad
"

          Steamed bao buns        
",/recipes/steamed-bao-buns
"

          Fresh topped pizza             
",/recipes/2013/fresh-topped-pizza-----
"

          Thai pumpkin soup        
",/recipes/775669/thai-pumpkin-soup
"

          Spaghetti with Spanish flavours        
",/recipes/1147/spaghetti-with-spanish-flavours
"

          Moroccan roast chicken with apricots        
",/recipes/3148686/moroccan-roast-chicken-with-apricots
"

          Creamy curried carrot & butter bean soup        
",/recipes/2063659/creamy-curried-carrot-and-butter-bean-soup
"

          Thai salmon kebabs with sweet chilli & lime dip        
",/recipes/2134/thai-salmon-kebabs-with-sweet-chilli-and-lime-dip
"

          Sticky Chinese chicken traybake        
",/recipes/sticky-chinese-chicken-traybake
"

          Rum punch        
",/recipes/rum-punch
"

          Coconut & chocolate macaroons        
",/recipes/3371/coconut-and-chocolate-macaroons
"

          Grown-up limeade        
",/recipes/1403637/grownup-limeade
"

          Gingered rich fruit cake        
",/recipes/2709/gingered-rich-fruit-cake
"

          Sesame halloumi parcels with sweet potato tahini mash & chopped herb salad        
",/recipes/3091682/sesame-halloumi-parcels-with-sweet-potato-tahini-m
"

          Butternut Dauphinoise        
",/recipes/butternut-dauphinoise
"

          Indian chickpea & vegetable soup        
",/recipes/9044/indian-chickpea-and-vegetable-soup
"

          Roasted squash, shallot, spinach & ricotta pasta        
",/recipes/roasted-squash-shallot-spinach-ricotta-pasta
"

          Oven-baked chicken pilau        
",/recipes/1770/ovenbaked-chicken-pilau
"

          Spicy garlic bread        
",/recipes/1853645/spicy-garlic-bread
"

          Summer pork, fennel & beans        
",/recipes/summer-pork-fennel-beans
"

          Spiced sweet potato wedges        
",/recipes/spiced-sweet-potato-wedges
"

          One-pan lentil dhal with curried fish & crispy skin        
",/recipes/one-pan-lentil-dhal-curried-fish-crispy-skin
"

          Stuffed Peppadews        
",/recipes/stuffed-peppadews
"

          Baked asparagus risotto        
",/recipes/2121656/baked-asparagus-risotto
"

          Lighter spiced carrot cake        
",/recipes/2624636/lighter-spiced-carrot-cake
"

          Mini creamy mushroom pies        
",/recipes/2831678/mini-creamy-mushroom-pies
"

          Microwave bacon & bean casserole        
",/recipes/microwave-bacon-bean-casserole
"

          Mediterranean feta salad with pomegranate dressing        
",/recipes/7996/mediterranean-feta-salad-with-pomegranate-dressing
"

          Fennel & poppy seed cracker wreath        
",/recipes/1826691/fennel-and-poppy-seed-cracker-wreath
"

          Cajun lamb steaks        
",/recipes/1288/cajun-lamb-steaks
"

          Fish tacos        
",/recipes/3146683/fish-tacos
"

          Venison meatloaf        
",/recipes/venison-meatloaf
"

          Pigeon & beetroot salad        
",/recipes/pigeon-beetroot-salad
"

          Chicken with ham, spinach & pine nuts        
",/recipes/2249648/chicken-with-ham-spinach-and-pine-nuts
"

          Pear & Manchego salad        
",/recipes/pear-manchego-salad
"

          Chicken & lentil stew with gremolata        
",/recipe/chicken-lentil-stew-gremolata
"

          Herb & lemon pork chops        
",/recipes/749670/herb-and-lemon-pork-chops
"

          Garden herb pesto        
",/recipes/1580643/garden-herb-pesto
"

          Smashed celeriac        
",/recipes/845655/smashed-celeriac
"

          White rabbit biscuits        
",/recipes/white-rabbit-biscuits
"

          Tiramisu ice-cream cake          
",/recipes/4613/tiramisu-icecream-cake-
"

          Moroccan tagine        
",/recipes/1124/moroccan-tagine
"

          Slow cooker ribs        
",/recipes/2991682/slow-cooker-ribs
"

          Honeycomb        
",/recipes/honeycomb
"

          Quick bean & chorizo chilli        
",/recipes/13134/quick-bean-and-chorizo-chilli
"

          Hazelnut meringue surprise        
",/recipes/853640/hazelnut-meringue-surprise
"

          Sweet spiced lamb shanks with quince        
",/recipes/sweet-spiced-lamb-shanks-quince
"

          Vietnamese caramel trout        
",/recipes/vietnamese-caramel-trout
"

          Scandi cheese & crackers        
",/recipes/236605/scandi-cheese-and-crackers
"

          Super berry smoothie        
",/recipes/1973646/super-berry-smoothie
"

          Andalusian-style chicken        
",/recipes/andalusian-style-chicken
"

          Jewelled mince pies        
",/recipes/1195/jewelled-mince-pies
"

          St David's Day risotto        
",/recipes/1617/st-davids-day-risotto
"

          Lime & coconut dhal        
",/recipes/992648/lime-and-coconut-dhal
"

          Vegetable & bean chilli        
",/recipes/1755638/vegetable-and-bean-chilli
"

          Hazelnut fruitcake        
",/recipes/749709/hazelnut-fruitcake
"

          Vanilla custard slices        
",/recipes/2970683/vanilla-custard-slices
"

          Glazed plum cake         
",/recipes/2766/glazed-plum-cake-
"

          Easy mango chutney naan breads        
",/recipes/10332/easy-mango-chutney-naan-breads
"

          Apricot & orange blossom jam        
",/recipes/2358652/apricot-and-orange-blossom-jam
"

          Lamb, spinach & ricotta burgers        
",/recipes/lamb-spinach-ricotta-burgers
"

          Hot cumin lamb wrap with crunchy slaw & spicy mayo        
",/recipes/2320650/hot-cumin-lamb-wrap-with-crunchy-slaw-and-spicy-ma
"

          Sticky teriyaki salmon rice        
",/recipes/sticky-teriyaki-salmon-rice
"

          Chocolate & coffee truffle pots        
",/recipes/4974/chocolate-and-coffee-truffle-pots
"

          Lamb cooked with tomatoes & aromatic spices        
",/recipes/1692/lamb-cooked-with-tomatoes-and-aromatic-spices
"

          Spring leaf salad        
",/recipes/1573/spring-leaf-salad
"

          Slow-cooked tomatoes with basil        
",/recipes/2462/slowcooked-tomatoes-with-basil
"

          Maple roast chicken with potatoes & thyme        
",/recipes/4749/maple-roast-chicken-with-potatoes-and-thyme
"

          Mushroom rice stuffing        
",/recipes/2574/mushroom-rice-stuffing
"

          Raid-the-storecupboard side        
",/recipes/13244/raidthestorecupboard-side
"

          Curry-spiced chicken with a tartare of peas        
",/recipes/1267646/curryspiced-chicken-with-a-tartare-of-peas
"

          Beef & lentil cottage pie with cauliflower & potato topping        
",/recipes/beef-lentil-cottage-pie-cauliflower-potato-topping
"

          Apricot & almond Chelsea buns        
",/recipes/400623/apricot-and-almond-chelsea-buns
"

          Aussie burgers        
",/recipes/2984/aussie-burgers
"

          Blueberry & macadamia flapjacks        
",/recipes/blueberry-macadamia-flapjacks
"

          Lamb dopiaza with broccoli rice        
",/recipes/lamb-dopiaza-broccoli-rice
"

          Limoncello        
",/recipes/1087/limoncello
"

          Prawn bruschetta with lemony fennel salad        
",/recipes/588640/prawn-bruschetta-with-lemony-fennel-salad
"

          Tangy couscous salad        
",/recipes/2041/tangy-couscous-salad
"

          Marinated smoked salmon with poppy seeds        
",/recipes/7593/marinated-smoked-salmon-with-poppy-seeds
"

          Whisky cream        
",/recipes/4858/whisky-cream
"

          Lunchbox mains        
",/recipes/12222/lunchbox-mains
"

          Prawn & avocado platter with lime & chilli dressing        
",/recipes/4624/prawn-and-avocado-platter-with-lime-and-chilli-dre
"

          Chicken with lemons, sumac & spiced yogurt        
",/recipes/1369640/chicken-with-lemons-sumac-and-spiced-yogurt
"

          Nutty crumb pork steaks        
",/recipes/2833/nutty-crumb-pork-steaks
"

          Mojo pork skewers with Cuban coolers        
",/recipes/2360670/mojo-pork-skewers-with-cuban-coolers
"

          Superhealthy Singapore noodles        
",/recipes/1088636/superhealthy-singapore-noodles
"

          Bite-sized toffee apple doughnuts        
",/recipes/bite-sized-toffee-apple-doughnuts
"

          Roast turkey & cranberry Wellington        
",/recipes/1083/roast-turkey-and-cranberry-wellington
"

          Pasta with parsley & hazelnut pesto        
",/recipes/4663/pasta-with-parsley-and-hazelnut-pesto
"

          Chocolate orange & Grand Marnier truffle cake        
",/recipes/5043/chocolate-orange-and-grand-marnier-truffle-cake
"

          Spicy cucumber salad        
",/recipes/4393/spicy-cucumber-salad
"

          Confit chicken legs with potato hash & poached egg        
",/recipes/confit-chicken-legs-potato-hash-poached-egg
"

          Grilled mackerel with sweet soy glaze        
",/recipes/1916645/grilled-mackerel-with-sweet-soy-glaze
"

          Quick braised chard & lentils        
",/recipes/quick-braised-chard-lentils
"

          Mumbai potato wraps with minted yogurt relish        
",/recipes/234609/mumbai-potato-wraps-with-minted-yogurt-relish
"

          Chickpea fajitas        
",/recipes/chickpea-fajitas
"

          Roasted pepper & goat's cheese stuffed tomatoes        
",/recipes/1962/roasted-pepper-and-goats-cheese-stuffed-tomatoes
"

          Lighter Fish finger sarnies        
",/recipes/lighter-fish-finger-sarnies
"

          Turkey meatball & pineapple curry        
",/recipe/turkey-meatball-pineapple-curry
"

          Mini New York cheesecakes        
",/recipes/2686670/mini-new-york-cheesecakes
"

          Spaghetti with lemon, Parmesan & peas        
",/recipes/1360/spaghetti-with-lemon-parmesan-and-peas
"

          Pear, hazelnut & chocolate cake        
",/recipes/1420/pear-hazelnut-and-chocolate-cake
"

          Italian toasties        
",/recipes/558627/italian-toasties
"

          Watercress soup with bacon dumplings        
",/recipes/watercress-soup-bacon-dumplings
"

          Lemon & herb stuffing        
",/recipes/72613/lemon-and-herb-stuffing
"

          Apple flapjack crumble        
",/recipes/1774/apple-flapjack-crumble
"

          Ham & tomato Stromboli        
",/recipes/7569/ham-and-tomato-stromboli
"

          Bacon-wrapped chicken drumsticks        
",/recipes/1364653/baconwrapped-chicken-drumsticks
"

          Cheesy leek & potato pie        
",/recipes/1763/cheesy-leek-and-potato-pie
"

          Cherry mallow traybake        
",/recipes/1128643/cherry-mallow-traybake
"

          Lighter summer Pavlova        
",/recipes/lighter-summer-pavlova
"

          Bramble marshmallows        
",/recipes/756644/bramble-marshmallows
"

          Asparagus & courgette salad with feta & sesame seeds        
",/recipes/3094688/asparagus-and-courgette-salad-with-feta-and-sesame
"

          Asian pork meatballs        
",/recipes/1735/asian-pork-meatballs
"

          Lingonberry & ginger cheesecake pots        
",/recipes/lingonberry-ginger-cheesecake-pots
"

          Baked eggs with ham & spinach        
",/recipes/2411637/baked-eggs-with-ham-and-spinach
"

          Root veg & pancetta toad-in-the-hole with onion gravy        
",/recipes/2852674/root-veg-and-pancetta-toadinthehole-with-onion-gra
"

          Scary skull biscuits        
",/recipes/778646/scary-skull-biscuits
"

          Velvety duck liver parfait        
",/recipes/4971/velvety-duck-liver-parfait
"

          Peppered potato soup         
",/recipes/2155652/peppered-potato-soup-
"

          Cheesy mustard mash        
",/recipes/2875676/cheesy-mustard-mash
"

          Beef stir-fry with ginger        
",/recipes/1091643/beef-stirfry-with-ginger
"

          All-day breakfast        
",/recipes/775644/allday-breakfast
"

          Brilliant banana loaf        
",/recipes/2249656/brilliant-banana-loaf
"

          Stuffed tomatoes with lamb mince, dill & rice        
",/recipes/12228/stuffed-tomatoes-with-lamb-mince-dill-and-rice
"

          BBC Children in Need cupcakes        
",/recipes/8347/bbc-children-in-need-cupcakes
"

          Fruity Christmas stuffing        
",/recipes/fruity-christmas-stuffing
"

          Beef, potato & banana curry with cashew rice        
",/recipes/beef-potato-banana-curry-cashew-rice
"

          Peanut butter cake        
",/recipes/10499/peanut-butter-cake
"

          Cheesy mushroom omelette        
",/recipes/1744/cheesy-mushroom-omelette
"

          Lightly smoked salmon with orange & rhubarb salad        
",/recipes/2063650/lightly-smoked-salmon-with-orange-and-rhubarb-sala
"

          Open lasagne of mushrooms & olives        
",/recipes/1829/open-lasagne-of-mushrooms-and-olives
"

          Christmas cupcakes        
",/recipes/981634/christmas-cupcakes
"

          Roast & marinated quail with warm spring vegetable salad        
",/recipes/420646/roast-and-marinated-quail-with-warm-spring-vegetab
"

          Berry vinaigrette        
",/recipes/3116/berry-vinaigrette
"

          Gingered tofu, aubergine & pea noodles        
",/recipes/gingered-tofu-aubergine-pea-noodles
"

          Brown butter sole with peas & mussels        
",/recipes/3077684/brown-butter-sole-with-peas-and-mussels
"

          Celeriac coleslaw        
",/recipes/5136/celeriac-coleslaw
"

          Flying fish with red pepper sauce & cou-cou        
",/recipes/flying-fish-red-pepper-sauce-cou-cou
"

          Vietnamese chicken wraps        
",/recipes/vietnamese-chicken-wraps
"

          Little iced lemon mousses        
",/recipes/251625/little-iced-lemon-mousses
"

          Runner bean & fennel slaw        
",/recipes/runner-bean-fennel-slaw
"

          Pineapple, beef & ginger stir-fry        
",/recipes/2360684/pineapple-beef-and-ginger-stirfry
"

          Sticky potato wedges with sesame & lemon        
",/recipes/sticky-potato-wedges-sesame-lemon
"

          Salad Lyonnaise (Warm bacon & egg salad)        
",/recipes/1415671/salad-lyonnaise-warm-bacon-and-egg-salad
"

          Mozzarella beef wraps        
",/recipes/2814/mozzarella-beef-wraps
"

          Sticky sausage & sweet potato salad        
",/recipes/11168/sticky-sausage-and-sweet-potato-salad
"

          Peruvian chicken, avocado & quinoa salad        
",/recipes/peruvian-chicken-avocado-quinoa-salad
"

          Caramelised red onion, prosciutto & mushroom tart        
",/recipes/472632/caramelised-red-onion-prosciutto-and-mushroom-tart
"

          Roast radish, new potato & peppered mackerel salad        
",/recipes/roast-radish-new-potato-peppered-mackerel-salad
"

          Crunchy cucumber & radish salad        
",/recipes/4953/crunchy-cucumber-and-radish-salad
"

          Crunchy watercress, cucumber & radish salad        
",/recipes/2416/crunchy-watercress-cucumber-and-radish-salad
"

          Quick sticky toffee puddings        
",/recipes/725648/quick-sticky-toffee-puddings
"

          Mixed fruit tart        
",/recipes/mixed-fruit-tart
"

          Chicken liver parfait with sultanas & raisins        
",/recipes/72601/chicken-liver-parfait-with-sultanas-and-raisins
"

          Leek & mackerel penne bake        
",/recipes/13137/leek-and-mackerel-penne-bake
"

          Rhubarb & custard cake        
",/recipes/10500/rhubarb-and-custard-cake
"

          Mexican bean chilli        
",/recipes/3077675/mexican-bean-chilli
"

          Pomegranate chicken with almond couscous        
",/recipes/pomegranate-chicken-almond-couscous
"

          Chicken & bacon Caesar salad        
",/recipes/2315/chicken-and-bacon-caesar-salad
"

          Blackberry honey creams        
",/recipes/3102/blackberry-honey-creams
"

          Aubergine couscous salad        
",/recipes/5993/aubergine-couscous-salad
"

          Simple green beans         
",/recipes/2457/simple-green-beans-
"

          Rhubarb & custard crunch        
",/recipes/353617/rhubarb-and-custard-crunch
"

          Star sparkle cake        
",/recipes/3003/star-sparkle-cake
"

          Summer veggie pasta        
",/recipes/3316/summer-veggie-pasta
"

          Veggie wholewheat pot noodle        
",/recipes/veggie-wholewheat-pot-noodle
"

          Thai prawn, potato & vegetable curry        
",/recipes/1263673/thai-prawn-potato-and-vegetable-curry
"

          Apple & linseed porridge        
",/recipes/2364645/apple-and-linseed-porridge
"

          Mushrooms paprikash        
",/recipes/mushrooms-paprikash
"

          Potato salad with curried mayo        
",/recipes/1385/potato-salad-with-curried-mayo
"

          Cranberry & Champagne sauce        
",/recipes/4929/cranberry-and-champagne-sauce
"

          Cabbage & red rice salad with tahini dressing        
",/recipes/cabbage-red-rice-salad-tahini-dressing
"

          Ham & asparagus subs        
",/recipes/2137659/ham-and-asparagus-subs
"

          Chicken & chorizo paella        
",/recipes/chicken-chorizo-paella
"

          Pistachio meringues with summer berries        
",/recipes/2099/pistachio-meringues-with-summer-berries
"

          Quick stir fry        
",/recipes/1686/quick-stir-fry
"

          Minty carrot, pistachio & feta salad        
",/recipes/2837670/minty-carrot-pistachio-and-feta-salad
"

          Cabbage & pork empanadas        
",/recipes/1128651/cabbage-and-pork-empanadas
"

          Squash, pea & feta frittatinis        
",/recipes/squash-pea-feta-frittatinis
"

          Garlicky linguine with cabbage & anchovy        
",/recipes/1974639/garlicky-linguine-with-cabbage-and-anchovy
"

          Cherry vodka        
",/recipes/6525/cherry-vodka
"

          Fruity biscotti        
",/recipes/8022/fruity-christmas-biscotti
"

          Patchwork strawberry & gooseberry pie        
",/recipes/3147693/patchwork-strawberry-and-gooseberry-pie
"

          Hazelnut & chocolate butter        
",/recipes/hazelnut-chocolate-butter
"

          Hearty pasta soup        
",/recipes/5592/hearty-pasta-soup
"

          Spiced plum & blackberry crumble        
",/recipes/2411652/spiced-plum-and-blackberry-crumble
"

          Pan-fried chicken in mushroom sauce        
",/recipes/1827/panfried-chicken-in-mushroom-sauce
"

          Prawn & cod cakes        
",/recipes/775637/prawn-and-cod-cakes
"

          Pickled cucumbers with dill & spice        
",/recipes/2196647/pickled-cucumbers-with-dill-and-spice
"

          Baked salmon & eggs        
",/recipes/3018679/baked-salmon-and-eggs
"

          Sweet & sour chicken skewers with fruity noodles        
",/recipes/1395638/sweet-and-sour-chicken-skewers-with-fruity-noodles
"

          Coffee semifreddo        
",/recipes/13389/coffee-semifreddo
"

          Thai chicken skewers         
",/recipes/1993641/thai-chicken-skewers-
"

          Crab lasagne        
",/recipes/crab-lasagne
"

          Stir-fried beef with cashews and broccoli        
",/recipes/5072/stirfried-beef-with-cashews-and-broccoli
"

          Spicy coconut noodle soup        
",/recipes/3463/spicy-coconut-noodle-soup
"

          Apricot & almond fruitcake        
",/recipes/1803636/apricot-and-almond-fruitcake
"

          Mascarpone & marmalade ice cream        
",/recipes/266612/mascarpone-and-marmalade-ice-cream
"

          Homemade eclairs         
",/recipes/355610/homemade-eclairs-
"

          Coconut custards with strawberries & lime        
",/recipes/2441/coconut-custards-with-strawberries-and-lime
"

          Chicken with lemon & courgette couscous        
",/recipes/333612/chicken-with-lemon-and-courgette-couscous
"

          Thai coconut soup with turkey meatballs        
",/recipes/thai-coconut-soup-turkey-meatballs
"

          Microwave jambalaya        
",/recipes/1243/microwave-jambalaya
"

          Puff pizza tart        
",/recipes/679637/puff-pizza-tart
"

          Smoked mackerel with orange, watercress & potato salad        
",/recipes/10352/smoked-mackerel-with-orange-watercress-and-potato-
"

          Warm chocolate & macadamia nut tarts        
",/recipes/10210/warm-chocolate-and-macadamia-nut-tarts
"

          Courgette muffins        
",/recipes/590630/courgette-muffins
"

          Frozen cheesecake with Baileys & chocolate        
",/recipes/644648/frozen-cheesecake-with-baileys-and-chocolate
"

          Cherry swirl cheesecake        
",/recipes/6523/cherry-swirl-cheesecake
"

          Baked sea bass with romesco sauce        
",/recipes/3504/baked-sea-bass-with-romesco-sauce
"

          Crunchy fruit & nut cereal        
",/recipes/2257635/crunchy-fruit-and-nut-cereal
"

          Peanut butter cookies        
",/recipes/peanut-butter-cookies
"

          Fragrant crown roast of chicken with sausage 'rolls' & maple sweet potatoes        
",/recipes/2424/fragrant-crown-roast-of-chicken-with-sausage-rolls
"

          Rudolph shortbread        
",/recipes/rudolph-shortbread
"

          Butter chicken        
",/recipes/butter-chicken
"

          Pea & feta toasts        
",/recipes/1993654/pea-and-feta-toasts
"

          Chunky chicken & ham chowder        
",/recipes/1584/chunky-chicken-and-ham-chowder
"

          Peach & almond muffins        
",/recipes/3094/peach-and-almond-muffins
"

          Five-a-day tagine        
",/recipes/7742/fiveaday-tagine
"

          Supergreen soup with yogurt & pine nuts        
",/recipes/supergreen-soup-yogurt-pine-nuts
"

          Spanish omelette        
",/recipes/2685647/spanish-omelette
"

          Minty lamb with warm veg salad        
",/recipes/8157/minty-lamb-with-warm-veg-salad
"

          Black Forest sundaes with brownies        
",/recipes/5735/black-forest-sundaes-with-brownies
"

          Spaghetti with walnuts, raisins & parsley        
",/recipes/1022644/spaghetti-with-walnuts-raisins-and-parsley
"

          Orange blossom Bellinis        
",/recipes/3148673/orange-blossom-bellinis
"

          Lemon sole with crab & tarragon butter sauce        
",/recipes/1852649/lemon-sole-with-crab-and-tarragon-butter-sauce
"

          Pistachio pilau rice        
",/recipes/1570641/pistachio-pilau-rice
"

          Hoisin chicken in crisp lettuce        
",/recipes/2674/hoisin-chicken-in-crisp-lettuce
"

          Duck with summer peas & beans        
",/recipes/2348/duck-with-summer-peas-and-beans
"

          Aromatic soy pork        
",/recipes/3266/aromatic-soy-pork
"

          Smoked mackerel & harissa potato salad        
",/recipes/smoked-mackerel-harissa-potato-salad
